Eil.Nr.   ;hv, [eV]  ;Cor(N/Le) [min-1];Cor(N/Lq) [min-1];Ni vertė  ;Ni/min.   ;Sqrt(Ni)  ;Dujos   ;E.light     ;Q.Light     ;Laikas    ;

0         ;Tamsa     ;42        ;42        ;7         ;42        ;6         ;224       ;-1        ;-1        ;16:23:31  ;
1         ;Tamsa     ;36        ;36        ;6         ;36        ;6         ;225       ;-1        ;-1        ;16:23:43  ;
2         ;Tamsa     ;66        ;66        ;11        ;66        ;8         ;229       ;-1        ;-1        ;16:23:55  ;
3         ;4,5       ;73        ;65        ;9         ;54        ;7         ;226       ;0,740906  ;0,83348   ;16:24:08  ;
4         ;4,5       ;57        ;50        ;7         ;42        ;6         ;226       ;0,740906  ;0,83348   ;16:24:20  ;
5         ;4,5       ;57        ;50        ;7         ;42        ;6         ;234       ;0,740906  ;0,83348   ;16:24:32  ;
6         ;4,525     ;47        ;42        ;6         ;36        ;6         ;223       ;0,7593    ;0,84945   ;16:24:45  ;
7         ;4,525     ;63        ;57        ;8         ;48        ;7         ;226       ;0,7593    ;0,84945   ;16:24:57  ;
8         ;4,525     ;47        ;42        ;6         ;36        ;6         ;223       ;0,7593    ;0,84945   ;16:25:09  ;
9         ;4,55      ;108       ;97        ;14        ;84        ;9         ;225       ;0,777667  ;0,86522   ;16:25:22  ;
10        ;4,55      ;54        ;49        ;7         ;42        ;6         ;226       ;0,777667  ;0,86522   ;16:25:34  ;
11        ;4,55      ;46        ;42        ;6         ;36        ;6         ;226       ;0,777667  ;0,86522   ;16:25:46  ;
12        ;4,575     ;53        ;48        ;7         ;42        ;6         ;221       ;0,7957    ;0,88045   ;16:25:59  ;
13        ;4,575     ;60        ;55        ;8         ;48        ;7         ;219       ;0,7957    ;0,88045   ;16:26:11  ;
14        ;4,575     ;75        ;68        ;10        ;60        ;8         ;221       ;0,7957    ;0,88045   ;16:26:23  ;
15        ;4,6       ;44        ;40        ;6         ;36        ;6         ;221       ;0,813734  ;0,89551   ;16:26:36  ;
16        ;4,6       ;81        ;74        ;11        ;66        ;8         ;221       ;0,813734  ;0,89551   ;16:26:48  ;
17        ;4,6       ;44        ;40        ;6         ;36        ;6         ;220       ;0,813734  ;0,89551   ;16:27:00  ;
18        ;4,625     ;72        ;66        ;10        ;60        ;8         ;218       ;0,829     ;0,90738   ;16:27:14  ;
19        ;4,625     ;51        ;46        ;7         ;42        ;6         ;220       ;0,829     ;0,90738   ;16:27:26  ;
20        ;4,625     ;36        ;33        ;5         ;30        ;5         ;220       ;0,829     ;0,90738   ;16:27:38  ;
21        ;4,65      ;36        ;33        ;5         ;30        ;5         ;222       ;0,844312  ;0,91917   ;16:27:51  ;
22        ;4,65      ;36        ;33        ;5         ;30        ;5         ;222       ;0,844312  ;0,91917   ;16:28:03  ;
23        ;4,65      ;43        ;39        ;6         ;36        ;6         ;222       ;0,844312  ;0,91917   ;16:28:15  ;
24        ;4,675     ;28        ;26        ;4         ;24        ;5         ;223       ;0,8596    ;0,93081   ;16:28:28  ;
25        ;4,675     ;63        ;58        ;9         ;54        ;7         ;224       ;0,8596    ;0,93081   ;16:28:40  ;
26        ;4,675     ;28        ;26        ;4         ;24        ;5         ;224       ;0,8596    ;0,93081   ;16:28:52  ;
27        ;4,7       ;48        ;45        ;7         ;42        ;6         ;224       ;0,874955  ;0,9424    ;16:29:05  ;
28        ;4,7       ;48        ;45        ;7         ;42        ;6         ;225       ;0,874955  ;0,9424    ;16:29:17  ;
29        ;4,7       ;34        ;32        ;5         ;30        ;5         ;225       ;0,874955  ;0,9424    ;16:29:29  ;
30        ;4,725     ;54        ;50        ;8         ;48        ;7         ;226       ;0,8874    ;0,95074   ;16:29:42  ;
31        ;4,725     ;54        ;50        ;8         ;48        ;7         ;223       ;0,8874    ;0,95074   ;16:29:54  ;
32        ;4,725     ;34        ;32        ;5         ;30        ;5         ;224       ;0,8874    ;0,95074   ;16:30:06  ;
33        ;4,75      ;47        ;44        ;7         ;42        ;6         ;224       ;0,899801  ;0,95895   ;16:30:19  ;
34        ;4,75      ;60        ;56        ;9         ;54        ;7         ;224       ;0,899801  ;0,95895   ;16:30:31  ;
35        ;4,75      ;53        ;50        ;8         ;48        ;7         ;224       ;0,899801  ;0,95895   ;16:30:43  ;
36        ;4,775     ;53        ;50        ;8         ;48        ;7         ;223       ;0,9102    ;0,96496   ;16:30:56  ;
37        ;4,775     ;125       ;118       ;19        ;114       ;11        ;224       ;0,9102    ;0,96496   ;16:31:09  ;
38        ;4,775     ;40        ;37        ;6         ;36        ;6         ;224       ;0,9102    ;0,96496   ;16:31:20  ;
39        ;4,8       ;46        ;43        ;7         ;42        ;6         ;224       ;0,920673  ;0,97098   ;16:31:34  ;
40        ;4,8       ;39        ;37        ;6         ;36        ;6         ;225       ;0,920673  ;0,97098   ;16:31:46  ;
41        ;4,8       ;52        ;49        ;8         ;48        ;7         ;225       ;0,920673  ;0,97098   ;16:31:57  ;
42        ;4,825     ;45        ;43        ;7         ;42        ;6         ;226       ;0,9309    ;0,97668   ;16:32:11  ;
43        ;4,825     ;52        ;49        ;8         ;48        ;7         ;224       ;0,9309    ;0,97668   ;16:32:23  ;
44        ;4,825     ;52        ;49        ;8         ;48        ;7         ;225       ;0,9309    ;0,97668   ;16:32:35  ;
45        ;4,85      ;38        ;37        ;6         ;36        ;6         ;225       ;0,941189  ;0,98238   ;16:32:48  ;
46        ;4,85      ;45        ;43        ;7         ;42        ;6         ;225       ;0,941189  ;0,98238   ;16:33:00  ;
47        ;4,85      ;38        ;37        ;6         ;36        ;6         ;225       ;0,941189  ;0,98238   ;16:33:12  ;
48        ;4,875     ;32        ;30        ;5         ;30        ;5         ;225       ;0,9512    ;0,98774   ;16:33:25  ;
49        ;4,875     ;44        ;43        ;7         ;42        ;6         ;228       ;0,9512    ;0,98774   ;16:33:37  ;
50        ;4,875     ;38        ;36        ;6         ;36        ;6         ;227       ;0,9512    ;0,98774   ;16:33:49  ;
51        ;4,9       ;44        ;42        ;7         ;42        ;6         ;230       ;0,961218  ;0,99305   ;16:34:02  ;
52        ;4,9       ;62        ;60        ;10        ;60        ;8         ;234       ;0,961218  ;0,99305   ;16:34:14  ;
53        ;4,9       ;100       ;97        ;16        ;96        ;10        ;226       ;0,961218  ;0,99305   ;16:34:26  ;
54        ;4,925     ;31        ;30        ;5         ;30        ;5         ;226       ;0,9681    ;0,99508   ;16:34:39  ;
55        ;4,925     ;37        ;36        ;6         ;36        ;6         ;222       ;0,9681    ;0,99508   ;16:34:51  ;
56        ;4,925     ;105       ;103       ;17        ;102       ;10        ;219       ;0,9681    ;0,99508   ;16:35:03  ;
57        ;4,95      ;37        ;36        ;6         ;36        ;6         ;220       ;0,974934  ;0,99705   ;16:35:16  ;
58        ;4,95      ;25        ;24        ;4         ;24        ;5         ;221       ;0,974934  ;0,99705   ;16:35:28  ;
59        ;4,95      ;25        ;24        ;4         ;24        ;5         ;222       ;0,974934  ;0,99705   ;16:35:40  ;
60        ;4,975     ;43        ;42        ;7         ;42        ;6         ;223       ;0,9813    ;0,99851   ;16:35:53  ;
61        ;4,975     ;49        ;48        ;8         ;48        ;7         ;227       ;0,9813    ;0,99851   ;16:36:05  ;
62        ;4,975     ;37        ;36        ;6         ;36        ;6         ;227       ;0,9813    ;0,99851   ;16:36:17  ;
63        ;5         ;55        ;54        ;9         ;54        ;7         ;235       ;0,98768   ;0,99998   ;16:36:30  ;
64        ;5         ;43        ;42        ;7         ;42        ;6         ;228       ;0,98768   ;0,99998   ;16:36:42  ;
65        ;5         ;43        ;42        ;7         ;42        ;6         ;227       ;0,98768   ;0,99998   ;16:36:54  ;
66        ;5,025     ;54        ;54        ;9         ;54        ;7         ;237       ;0,9909    ;0,99825   ;16:37:08  ;
67        ;5,025     ;24        ;24        ;4         ;24        ;5         ;224       ;0,9909    ;0,99825   ;16:37:20  ;
68        ;5,025     ;73        ;72        ;12        ;72        ;8         ;230       ;0,9909    ;0,99825   ;16:37:32  ;
69        ;5,05      ;48        ;48        ;8         ;48        ;7         ;228       ;0,994183  ;0,9966    ;16:37:45  ;
70        ;5,05      ;54        ;54        ;9         ;54        ;7         ;238       ;0,994183  ;0,9966    ;16:37:57  ;
71        ;5,05      ;60        ;60        ;10        ;60        ;8         ;232       ;0,994183  ;0,9966    ;16:38:09  ;
72        ;5,075     ;60        ;60        ;10        ;60        ;8         ;237       ;0,9948    ;0,9923    ;16:38:22  ;
73        ;5,075     ;84        ;85        ;14        ;84        ;9         ;239       ;0,9948    ;0,9923    ;16:38:34  ;
74        ;5,075     ;54        ;54        ;9         ;54        ;7         ;229       ;0,9948    ;0,9923    ;16:38:46  ;
75        ;5,1       ;36        ;36        ;6         ;36        ;6         ;223       ;0,995384  ;0,98802   ;16:38:59  ;
76        ;5,1       ;36        ;36        ;6         ;36        ;6         ;226       ;0,995384  ;0,98802   ;16:39:11  ;
77        ;5,1       ;72        ;73        ;12        ;72        ;8         ;223       ;0,995384  ;0,98802   ;16:39:23  ;
78        ;5,125     ;36        ;37        ;6         ;36        ;6         ;221       ;0,9914    ;0,97926   ;16:39:36  ;
79        ;5,125     ;42        ;43        ;7         ;42        ;6         ;218       ;0,9914    ;0,97926   ;16:39:48  ;
80        ;5,125     ;30        ;31        ;5         ;30        ;5         ;219       ;0,9914    ;0,97926   ;16:40:00  ;
81        ;5,15      ;49        ;49        ;8         ;48        ;7         ;220       ;0,987366  ;0,97055   ;16:40:13  ;
82        ;5,15      ;61        ;62        ;10        ;60        ;8         ;219       ;0,987366  ;0,97055   ;16:40:25  ;
83        ;5,15      ;61        ;62        ;10        ;60        ;8         ;220       ;0,987366  ;0,97055   ;16:40:37  ;
84        ;5,175     ;67        ;69        ;11        ;66        ;8         ;220       ;0,9784    ;0,95709   ;16:40:50  ;
85        ;5,175     ;49        ;50        ;8         ;48        ;7         ;226       ;0,9784    ;0,95709   ;16:41:02  ;
86        ;5,175     ;67        ;69        ;11        ;66        ;8         ;225       ;0,9784    ;0,95709   ;16:41:14  ;
87        ;5,2       ;62        ;64        ;10        ;60        ;8         ;225       ;0,969452  ;0,94377   ;16:41:27  ;
88        ;5,2       ;62        ;64        ;10        ;60        ;8         ;231       ;0,969452  ;0,94377   ;16:41:39  ;
89        ;5,2       ;62        ;64        ;10        ;60        ;8         ;221       ;0,969452  ;0,94377   ;16:41:51  ;
90        ;5,225     ;38        ;39        ;6         ;36        ;6         ;222       ;0,9548    ;0,92506   ;16:42:05  ;
91        ;5,225     ;25        ;26        ;4         ;24        ;5         ;222       ;0,9548    ;0,92506   ;16:42:17  ;
92        ;5,225     ;44        ;45        ;7         ;42        ;6         ;221       ;0,9548    ;0,92506   ;16:42:29  ;
93        ;5,25      ;51        ;53        ;8         ;48        ;7         ;221       ;0,940206  ;0,90659   ;16:42:42  ;
94        ;5,25      ;77        ;79        ;12        ;72        ;8         ;220       ;0,940206  ;0,90659   ;16:42:54  ;
95        ;5,25      ;45        ;46        ;7         ;42        ;6         ;217       ;0,940206  ;0,90659   ;16:43:06  ;
96        ;5,275     ;124       ;129       ;19        ;114       ;11        ;218       ;0,9183    ;0,88127   ;16:43:19  ;
97        ;5,275     ;65        ;68        ;10        ;60        ;8         ;219       ;0,9183    ;0,88127   ;16:43:31  ;
98        ;5,275     ;46        ;48        ;7         ;42        ;6         ;223       ;0,9183    ;0,88127   ;16:43:43  ;
99        ;5,3       ;100       ;105       ;15        ;90        ;9         ;219       ;0,896422  ;0,85621   ;16:43:56  ;
100       ;5,3       ;94        ;98        ;14        ;84        ;9         ;219       ;0,896422  ;0,85621   ;16:44:08  ;
101       ;5,3       ;60        ;63        ;9         ;54        ;7         ;220       ;0,896422  ;0,85621   ;16:44:20  ;
102       ;5,325     ;76        ;80        ;11        ;66        ;8         ;219       ;0,8697    ;0,82679   ;16:44:33  ;
103       ;5,325     ;90        ;94        ;13        ;78        ;9         ;219       ;0,8697    ;0,82679   ;16:44:45  ;
104       ;5,325     ;69        ;73        ;10        ;60        ;8         ;219       ;0,8697    ;0,82679   ;16:44:57  ;
105       ;5,35      ;100       ;105       ;14        ;84        ;9         ;219       ;0,842982  ;0,79764   ;16:45:10  ;
106       ;5,35      ;100       ;105       ;14        ;84        ;9         ;219       ;0,842982  ;0,79764   ;16:45:22  ;
107       ;5,35      ;78        ;83        ;11        ;66        ;8         ;219       ;0,842982  ;0,79764   ;16:45:34  ;
108       ;5,375     ;170       ;180       ;23        ;138       ;12        ;220       ;0,8126    ;0,76532   ;16:45:48  ;
109       ;5,375     ;177       ;188       ;24        ;144       ;12        ;223       ;0,8126    ;0,76532   ;16:45:59  ;
110       ;5,375     ;96        ;102       ;13        ;78        ;9         ;220       ;0,8126    ;0,76532   ;16:46:11  ;
111       ;5,4       ;92        ;98        ;12        ;72        ;8         ;220       ;0,782288  ;0,73336   ;16:46:24  ;
112       ;5,4       ;61        ;65        ;8         ;48        ;7         ;221       ;0,782288  ;0,73336   ;16:46:36  ;
113       ;5,4       ;77        ;82        ;10        ;60        ;8         ;222       ;0,782288  ;0,73336   ;16:46:48  ;
114       ;5,425     ;88        ;94        ;11        ;66        ;8         ;216       ;0,752     ;0,70172   ;16:47:02  ;
115       ;5,425     ;104       ;111       ;13        ;78        ;9         ;217       ;0,752     ;0,70172   ;16:47:14  ;
116       ;5,425     ;88        ;94        ;11        ;66        ;8         ;217       ;0,752     ;0,70172   ;16:47:26  ;
117       ;5,45      ;133       ;143       ;16        ;96        ;10        ;219       ;0,72168   ;0,67034   ;16:47:39  ;
118       ;5,45      ;100       ;107       ;12        ;72        ;8         ;219       ;0,72168   ;0,67034   ;16:47:51  ;
119       ;5,45      ;125       ;134       ;15        ;90        ;9         ;220       ;0,72168   ;0,67034   ;16:48:03  ;
120       ;5,475     ;121       ;131       ;14        ;84        ;9         ;220       ;0,6925    ;0,6403    ;16:48:16  ;
121       ;5,475     ;130       ;141       ;15        ;90        ;9         ;220       ;0,6925    ;0,6403    ;16:48:28  ;
122       ;5,475     ;121       ;131       ;14        ;84        ;9         ;218       ;0,6925    ;0,6403    ;16:48:40  ;
123       ;5,5       ;172       ;187       ;19        ;114       ;11        ;218       ;0,663229  ;0,61044   ;16:48:53  ;
124       ;5,5       ;172       ;187       ;19        ;114       ;11        ;221       ;0,663229  ;0,61044   ;16:49:05  ;
125       ;5,5       ;181       ;197       ;20        ;120       ;11        ;216       ;0,663229  ;0,61044   ;16:49:17  ;
126       ;5,525     ;160       ;175       ;17        ;102       ;10        ;214       ;0,6375    ;0,58411   ;16:49:30  ;
127       ;5,525     ;188       ;205       ;20        ;120       ;11        ;215       ;0,6375    ;0,58411   ;16:49:42  ;
128       ;5,525     ;188       ;205       ;20        ;120       ;11        ;223       ;0,6375    ;0,58411   ;16:49:54  ;
129       ;5,55      ;226       ;247       ;23        ;138       ;12        ;220       ;0,611805  ;0,55804   ;16:50:07  ;
130       ;5,55      ;235       ;258       ;24        ;144       ;12        ;217       ;0,611805  ;0,55804   ;16:50:19  ;
131       ;5,55      ;226       ;247       ;23        ;138       ;12        ;217       ;0,611805  ;0,55804   ;16:50:31  ;
132       ;5,575     ;194       ;213       ;19        ;114       ;11        ;220       ;0,5888    ;0,53465   ;16:50:44  ;
133       ;5,575     ;265       ;292       ;26        ;156       ;12        ;221       ;0,5888    ;0,53465   ;16:50:56  ;
134       ;5,575     ;194       ;213       ;19        ;114       ;11        ;232       ;0,5888    ;0,53465   ;16:51:08  ;
135       ;5,6       ;371       ;411       ;35        ;210       ;14        ;225       ;0,565795  ;0,51146   ;16:51:21  ;
136       ;5,6       ;456       ;504       ;43        ;258       ;16        ;225       ;0,565795  ;0,51146   ;16:51:33  ;
137       ;5,6       ;233       ;258       ;22        ;132       ;11        ;221       ;0,565795  ;0,51146   ;16:51:45  ;
138       ;5,625     ;330       ;367       ;30        ;180       ;13        ;220       ;0,5451    ;0,49057   ;16:51:59  ;
139       ;5,625     ;286       ;318       ;26        ;156       ;12        ;222       ;0,5451    ;0,49057   ;16:52:11  ;
140       ;5,625     ;231       ;257       ;21        ;126       ;11        ;224       ;0,5451    ;0,49057   ;16:52:23  ;
141       ;5,65      ;400       ;447       ;35        ;210       ;14        ;225       ;0,524362  ;0,46982   ;16:52:36  ;
142       ;5,65      ;400       ;447       ;35        ;210       ;14        ;224       ;0,524362  ;0,46982   ;16:52:48  ;
143       ;5,65      ;309       ;345       ;27        ;162       ;13        ;225       ;0,524362  ;0,46982   ;16:53:00  ;
144       ;5,675     ;284       ;318       ;24        ;144       ;12        ;229       ;0,5069    ;0,45217   ;16:53:13  ;
145       ;5,675     ;462       ;518       ;39        ;234       ;15        ;228       ;0,5069    ;0,45217   ;16:53:25  ;
146       ;5,675     ;402       ;451       ;34        ;204       ;14        ;229       ;0,5069    ;0,45217   ;16:53:37  ;
147       ;5,7       ;503       ;566       ;41        ;246       ;16        ;222       ;0,489361  ;0,43461   ;16:53:50  ;
148       ;5,7       ;454       ;511       ;37        ;222       ;15        ;219       ;0,489361  ;0,43461   ;16:54:02  ;
149       ;5,7       ;454       ;511       ;37        ;222       ;15        ;219       ;0,489361  ;0,43461   ;16:54:14  ;
150       ;5,725     ;560       ;634       ;44        ;264       ;16        ;220       ;0,4711    ;0,41656   ;16:54:27  ;
151       ;5,725     ;382       ;432       ;30        ;180       ;13        ;220       ;0,4711    ;0,41656   ;16:54:39  ;
152       ;5,725     ;497       ;562       ;39        ;234       ;15        ;220       ;0,4711    ;0,41656   ;16:54:51  ;
153       ;5,75      ;517       ;587       ;39        ;234       ;15        ;221       ;0,452752  ;0,3986    ;16:55:04  ;
154       ;5,75      ;464       ;527       ;35        ;210       ;14        ;221       ;0,452752  ;0,3986    ;16:55:16  ;
155       ;5,75      ;451       ;512       ;34        ;204       ;14        ;221       ;0,452752  ;0,3986    ;16:55:28  ;
156       ;5,775     ;539       ;614       ;39        ;234       ;15        ;225       ;0,4345    ;0,38088   ;16:55:41  ;
157       ;5,775     ;621       ;709       ;45        ;270       ;16        ;231       ;0,4345    ;0,38088   ;16:55:53  ;
158       ;5,775     ;677       ;772       ;49        ;294       ;17        ;226       ;0,4345    ;0,38088   ;16:56:05  ;
159       ;5,8       ;706       ;809       ;49        ;294       ;17        ;228       ;0,416151  ;0,36322   ;16:56:18  ;
160       ;5,8       ;706       ;809       ;49        ;294       ;17        ;221       ;0,416151  ;0,36322   ;16:56:30  ;
161       ;5,8       ;663       ;760       ;46        ;276       ;17        ;221       ;0,416151  ;0,36322   ;16:56:42  ;
162       ;5,825     ;708       ;814       ;47        ;282       ;17        ;221       ;0,3985    ;0,34632   ;16:56:56  ;
163       ;5,825     ;572       ;658       ;38        ;228       ;15        ;220       ;0,3985    ;0,34632   ;16:57:08  ;
164       ;5,825     ;662       ;762       ;44        ;264       ;16        ;221       ;0,3985    ;0,34632   ;16:57:20  ;
165       ;5,85      ;882       ;1020      ;56        ;336       ;18        ;221       ;0,380825  ;0,32955   ;16:57:33  ;
166       ;5,85      ;2017      ;2330      ;128       ;768       ;28        ;221       ;0,380825  ;0,32955   ;16:57:45  ;
167       ;5,85      ;740       ;856       ;47        ;282       ;17        ;222       ;0,380825  ;0,32955   ;16:57:57  ;
168       ;5,875     ;1165      ;1352      ;71        ;426       ;21        ;222       ;0,3656    ;0,31502   ;16:58:10  ;
169       ;5,875     ;722       ;838       ;44        ;264       ;16        ;223       ;0,3656    ;0,31502   ;16:58:22  ;
170       ;5,875     ;886       ;1029      ;54        ;324       ;18        ;223       ;0,3656    ;0,31502   ;16:58:34  ;
171       ;5,9       ;976       ;1138      ;57        ;342       ;18        ;223       ;0,350353  ;0,30061   ;16:58:47  ;
172       ;5,9       ;1250      ;1457      ;73        ;438       ;21        ;223       ;0,350353  ;0,30061   ;16:58:59  ;
173       ;5,9       ;839       ;978       ;49        ;294       ;17        ;223       ;0,350353  ;0,30061   ;16:59:11  ;
174       ;5,925     ;1001      ;1172      ;56        ;336       ;18        ;224       ;0,3356    ;0,28673   ;16:59:24  ;
175       ;5,925     ;965       ;1130      ;54        ;324       ;18        ;226       ;0,3356    ;0,28673   ;16:59:36  ;
176       ;5,925     ;948       ;1109      ;53        ;318       ;18        ;229       ;0,3356    ;0,28673   ;16:59:48  ;
177       ;5,95      ;1140      ;1340      ;61        ;366       ;19        ;226       ;0,320936  ;0,27305   ;17:00:01  ;
178       ;5,95      ;1103      ;1296      ;59        ;354       ;19        ;223       ;0,320936  ;0,27305   ;17:00:13  ;
179       ;5,95      ;1234      ;1450      ;66        ;396       ;20        ;223       ;0,320936  ;0,27305   ;17:00:25  ;
180       ;5,975     ;1200      ;1416      ;62        ;372       ;19        ;221       ;0,3101    ;0,26273   ;17:00:38  ;
181       ;5,975     ;1335      ;1576      ;69        ;414       ;20        ;222       ;0,3101    ;0,26273   ;17:00:51  ;
182       ;5,975     ;1238      ;1462      ;64        ;384       ;20        ;224       ;0,3101    ;0,26273   ;17:01:02  ;
183       ;6         ;1544      ;1830      ;77        ;462       ;21        ;226       ;0,299228  ;0,25246   ;17:01:16  ;
184       ;6         ;1303      ;1545      ;65        ;390       ;20        ;228       ;0,299228  ;0,25246   ;17:01:28  ;
185       ;6         ;1223      ;1450      ;61        ;366       ;19        ;229       ;0,299228  ;0,25246   ;17:01:39  ;
186       ;6,025     ;1644      ;1956      ;80        ;480       ;22        ;224       ;0,292     ;0,24534   ;17:01:53  ;
187       ;6,025     ;1541      ;1834      ;75        ;450       ;21        ;221       ;0,292     ;0,24534   ;17:02:05  ;
188       ;6,025     ;1479      ;1761      ;72        ;432       ;21        ;224       ;0,292     ;0,24534   ;17:02:17  ;
189       ;6,05      ;1559      ;1863      ;74        ;444       ;21        ;224       ;0,284845  ;0,23834   ;17:02:30  ;
190       ;6,05      ;1769      ;2115      ;84        ;504       ;22        ;231       ;0,284845  ;0,23834   ;17:02:42  ;
191       ;6,05      ;1854      ;2215      ;88        ;528       ;23        ;224       ;0,284845  ;0,23834   ;17:02:54  ;
192       ;6,075     ;2229      ;2675      ;104       ;624       ;25        ;225       ;0,2799    ;0,23324   ;17:03:07  ;
193       ;6,075     ;1586      ;1904      ;74        ;444       ;21        ;226       ;0,2799    ;0,23324   ;17:03:19  ;
194       ;6,075     ;1672      ;2007      ;78        ;468       ;22        ;220       ;0,2799    ;0,23324   ;17:03:31  ;
195       ;6,1       ;1964      ;2367      ;90        ;540       ;23        ;221       ;0,274961  ;0,22818   ;17:03:44  ;
196       ;6,1       ;1549      ;1867      ;71        ;426       ;21        ;218       ;0,274961  ;0,22818   ;17:03:56  ;
197       ;6,1       ;2466      ;2971      ;113       ;678       ;26        ;217       ;0,274961  ;0,22818   ;17:04:08  ;
198       ;6,125     ;2171      ;2626      ;98        ;588       ;24        ;218       ;0,2709    ;0,2239    ;17:04:21  ;
199       ;6,125     ;2348      ;2841      ;106       ;636       ;25        ;218       ;0,2709    ;0,2239    ;17:04:33  ;
200       ;6,125     ;2436      ;2948      ;110       ;660       ;26        ;219       ;0,2709    ;0,2239    ;17:04:45  ;
201       ;6,15      ;2742      ;3332      ;122       ;732       ;27        ;219       ;0,266922  ;0,21971   ;17:04:58  ;
202       ;6,15      ;2742      ;3332      ;122       ;732       ;27        ;219       ;0,266922  ;0,21971   ;17:05:10  ;
203       ;6,15      ;2720      ;3304      ;121       ;726       ;27        ;218       ;0,266922  ;0,21971   ;17:05:22  ;
204       ;6,175     ;2977      ;3632      ;131       ;786       ;28        ;218       ;0,264     ;0,21643   ;17:05:35  ;
205       ;6,175     ;3250      ;3964      ;143       ;858       ;29        ;219       ;0,264     ;0,21643   ;17:05:48  ;
206       ;6,175     ;3023      ;3687      ;133       ;798       ;28        ;219       ;0,264     ;0,21643   ;17:05:59  ;
207       ;6,2       ;2872      ;3517      ;125       ;750       ;27        ;220       ;0,26114   ;0,21322   ;17:06:12  ;
208       ;6,2       ;2504      ;3067      ;109       ;654       ;26        ;220       ;0,26114   ;0,21322   ;17:06:25  ;
209       ;6,2       ;2596      ;3180      ;113       ;678       ;26        ;220       ;0,26114   ;0,21322   ;17:06:37  ;
210       ;6,225     ;3085      ;3794      ;132       ;792       ;28        ;220       ;0,2567    ;0,20875   ;17:06:50  ;
211       ;6,225     ;3296      ;4053      ;141       ;846       ;29        ;220       ;0,2567    ;0,20875   ;17:07:02  ;
212       ;6,225     ;3085      ;3794      ;132       ;792       ;28        ;220       ;0,2567    ;0,20875   ;17:07:14  ;
213       ;Tamsa     ;72        ;72        ;12        ;72        ;8         ;220       ;-1        ;-1        ;17:07:26  ;
214       ;Tamsa     ;78        ;78        ;13        ;78        ;9         ;221       ;-1        ;-1        ;17:07:38  ;
215       ;Tamsa     ;60        ;60        ;10        ;60        ;8         ;221       ;-1        ;-1        ;17:07:50  ;

? Ts :  10   Tz :  0   Tq :   0    Vq :  0   Cth :  2   Įtampa, [kV] :   2,470  2021-04-09 18:24:26  ;

DHT:20.70|H18.00|23.90|999.72:DHT:!
