Eil.Nr.   ;hv, [eV]  ;Cor(N/Le) [min-1];Cor(N/Lq) [min-1];Ni vertė  ;Ni/min.   ;Sqrt(Ni)  ;Dujos   ;E.light     ;Q.Light     ;Laikas    ;

0         ;Tamsa     ;78        ;78        ;13        ;78        ;9         ;222       ;-1        ;-1        ;15:32:35  ;
1         ;Tamsa     ;54        ;54        ;9         ;54        ;7         ;221       ;-1        ;-1        ;15:32:47  ;
2         ;Tamsa     ;66        ;66        ;11        ;66        ;8         ;222       ;-1        ;-1        ;15:32:59  ;
3         ;4,5       ;65        ;58        ;8         ;48        ;7         ;220       ;0,740906  ;0,83348   ;15:33:12  ;
4         ;4,5       ;40        ;36        ;5         ;30        ;5         ;220       ;0,740906  ;0,83348   ;15:33:24  ;
5         ;4,5       ;57        ;50        ;7         ;42        ;6         ;220       ;0,740906  ;0,83348   ;15:33:36  ;
6         ;4,525     ;47        ;42        ;6         ;36        ;6         ;221       ;0,7593    ;0,84945   ;15:33:49  ;
7         ;4,525     ;71        ;64        ;9         ;54        ;7         ;224       ;0,7593    ;0,84945   ;15:34:01  ;
8         ;4,525     ;87        ;78        ;11        ;66        ;8         ;224       ;0,7593    ;0,84945   ;15:34:13  ;
9         ;4,55      ;62        ;55        ;8         ;48        ;7         ;222       ;0,777667  ;0,86522   ;15:34:26  ;
10        ;4,55      ;62        ;55        ;8         ;48        ;7         ;222       ;0,777667  ;0,86522   ;15:34:38  ;
11        ;4,55      ;62        ;55        ;8         ;48        ;7         ;220       ;0,777667  ;0,86522   ;15:34:50  ;
12        ;4,575     ;53        ;48        ;7         ;42        ;6         ;223       ;0,7957    ;0,88045   ;15:35:03  ;
13        ;4,575     ;30        ;27        ;4         ;24        ;5         ;219       ;0,7957    ;0,88045   ;15:35:15  ;
14        ;4,575     ;45        ;41        ;6         ;36        ;6         ;220       ;0,7957    ;0,88045   ;15:35:27  ;
15        ;4,6       ;59        ;54        ;8         ;48        ;7         ;222       ;0,813734  ;0,89551   ;15:35:40  ;
16        ;4,6       ;22        ;20        ;3         ;18        ;4         ;221       ;0,813734  ;0,89551   ;15:35:53  ;
17        ;4,6       ;59        ;54        ;8         ;48        ;7         ;218       ;0,813734  ;0,89551   ;15:36:04  ;
18        ;4,625     ;58        ;53        ;8         ;48        ;7         ;220       ;0,829     ;0,90738   ;15:36:18  ;
19        ;4,625     ;22        ;20        ;3         ;18        ;4         ;221       ;0,829     ;0,90738   ;15:36:30  ;
20        ;4,625     ;43        ;40        ;6         ;36        ;6         ;221       ;0,829     ;0,90738   ;15:36:42  ;
21        ;4,65      ;50        ;46        ;7         ;42        ;6         ;221       ;0,844312  ;0,91917   ;15:36:55  ;
22        ;4,65      ;36        ;33        ;5         ;30        ;5         ;221       ;0,844312  ;0,91917   ;15:37:07  ;
23        ;4,65      ;50        ;46        ;7         ;42        ;6         ;220       ;0,844312  ;0,91917   ;15:37:19  ;
24        ;4,675     ;35        ;32        ;5         ;30        ;5         ;221       ;0,8596    ;0,93081   ;15:37:32  ;
25        ;4,675     ;35        ;32        ;5         ;30        ;5         ;220       ;0,8596    ;0,93081   ;15:37:44  ;
26        ;4,675     ;56        ;52        ;8         ;48        ;7         ;221       ;0,8596    ;0,93081   ;15:37:56  ;
27        ;4,7       ;27        ;25        ;4         ;24        ;5         ;221       ;0,874955  ;0,9424    ;15:38:09  ;
28        ;4,7       ;41        ;38        ;6         ;36        ;6         ;218       ;0,874955  ;0,9424    ;15:38:21  ;
29        ;4,7       ;55        ;51        ;8         ;48        ;7         ;217       ;0,874955  ;0,9424    ;15:38:33  ;
30        ;4,725     ;27        ;25        ;4         ;24        ;5         ;217       ;0,8874    ;0,95074   ;15:38:46  ;
31        ;4,725     ;47        ;44        ;7         ;42        ;6         ;217       ;0,8874    ;0,95074   ;15:38:58  ;
32        ;4,725     ;20        ;19        ;3         ;18        ;4         ;218       ;0,8874    ;0,95074   ;15:39:10  ;
33        ;4,75      ;20        ;19        ;3         ;18        ;4         ;217       ;0,899801  ;0,95895   ;15:39:23  ;
34        ;4,75      ;33        ;31        ;5         ;30        ;5         ;219       ;0,899801  ;0,95895   ;15:39:35  ;
35        ;4,75      ;53        ;50        ;8         ;48        ;7         ;218       ;0,899801  ;0,95895   ;15:39:47  ;
36        ;4,775     ;26        ;25        ;4         ;24        ;5         ;219       ;0,9102    ;0,96496   ;15:40:00  ;
37        ;4,775     ;46        ;44        ;7         ;42        ;6         ;222       ;0,9102    ;0,96496   ;15:40:12  ;
38        ;4,775     ;53        ;50        ;8         ;48        ;7         ;222       ;0,9102    ;0,96496   ;15:40:24  ;
39        ;4,8       ;46        ;43        ;7         ;42        ;6         ;223       ;0,920673  ;0,97098   ;15:40:37  ;
40        ;4,8       ;46        ;43        ;7         ;42        ;6         ;222       ;0,920673  ;0,97098   ;15:40:49  ;
41        ;4,8       ;20        ;19        ;3         ;18        ;4         ;222       ;0,920673  ;0,97098   ;15:41:01  ;
42        ;4,825     ;6         ;6         ;1         ;6         ;2         ;226       ;0,9309    ;0,97668   ;15:41:15  ;
43        ;4,825     ;32        ;31        ;5         ;30        ;5         ;219       ;0,9309    ;0,97668   ;15:41:27  ;
44        ;4,825     ;32        ;31        ;5         ;30        ;5         ;219       ;0,9309    ;0,97668   ;15:41:39  ;
45        ;4,85      ;38        ;37        ;6         ;36        ;6         ;220       ;0,941189  ;0,98238   ;15:41:52  ;
46        ;4,85      ;51        ;49        ;8         ;48        ;7         ;220       ;0,941189  ;0,98238   ;15:42:04  ;
47        ;4,85      ;25        ;24        ;4         ;24        ;5         ;223       ;0,941189  ;0,98238   ;15:42:16  ;
48        ;4,875     ;38        ;36        ;6         ;36        ;6         ;229       ;0,9512    ;0,98774   ;15:42:29  ;
49        ;4,875     ;44        ;43        ;7         ;42        ;6         ;220       ;0,9512    ;0,98774   ;15:42:41  ;
50        ;4,875     ;32        ;30        ;5         ;30        ;5         ;221       ;0,9512    ;0,98774   ;15:42:53  ;
51        ;4,9       ;37        ;36        ;6         ;36        ;6         ;219       ;0,961218  ;0,99305   ;15:43:06  ;
52        ;4,9       ;37        ;36        ;6         ;36        ;6         ;221       ;0,961218  ;0,99305   ;15:43:18  ;
53        ;4,9       ;56        ;54        ;9         ;54        ;7         ;225       ;0,961218  ;0,99305   ;15:43:30  ;
54        ;4,925     ;25        ;24        ;4         ;24        ;5         ;219       ;0,9681    ;0,99508   ;15:43:43  ;
55        ;4,925     ;12        ;12        ;2         ;12        ;3         ;220       ;0,9681    ;0,99508   ;15:43:55  ;
56        ;4,925     ;37        ;36        ;6         ;36        ;6         ;218       ;0,9681    ;0,99508   ;15:44:07  ;
57        ;4,95      ;18        ;18        ;3         ;18        ;4         ;219       ;0,974934  ;0,99705   ;15:44:20  ;
58        ;4,95      ;25        ;24        ;4         ;24        ;5         ;218       ;0,974934  ;0,99705   ;15:44:32  ;
59        ;4,95      ;37        ;36        ;6         ;36        ;6         ;223       ;0,974934  ;0,99705   ;15:44:44  ;
60        ;4,975     ;18        ;18        ;3         ;18        ;4         ;217       ;0,9813    ;0,99851   ;15:44:57  ;
61        ;4,975     ;31        ;30        ;5         ;30        ;5         ;218       ;0,9813    ;0,99851   ;15:45:09  ;
62        ;4,975     ;37        ;36        ;6         ;36        ;6         ;219       ;0,9813    ;0,99851   ;15:45:21  ;
63        ;5         ;12        ;12        ;2         ;12        ;3         ;218       ;0,98768   ;0,99998   ;15:45:34  ;
64        ;5         ;36        ;36        ;6         ;36        ;6         ;219       ;0,98768   ;0,99998   ;15:45:46  ;
65        ;5         ;43        ;42        ;7         ;42        ;6         ;223       ;0,98768   ;0,99998   ;15:45:58  ;
66        ;5,025     ;54        ;54        ;9         ;54        ;7         ;226       ;0,9909    ;0,99825   ;15:46:12  ;
67        ;5,025     ;54        ;54        ;9         ;54        ;7         ;221       ;0,9909    ;0,99825   ;15:46:24  ;
68        ;5,025     ;42        ;42        ;7         ;42        ;6         ;224       ;0,9909    ;0,99825   ;15:46:36  ;
69        ;5,05      ;60        ;60        ;10        ;60        ;8         ;220       ;0,994183  ;0,9966    ;15:46:49  ;
70        ;5,05      ;54        ;54        ;9         ;54        ;7         ;219       ;0,994183  ;0,9966    ;15:47:01  ;
71        ;5,05      ;54        ;54        ;9         ;54        ;7         ;224       ;0,994183  ;0,9966    ;15:47:13  ;
72        ;5,075     ;36        ;36        ;6         ;36        ;6         ;217       ;0,9948    ;0,9923    ;15:47:26  ;
73        ;5,075     ;30        ;30        ;5         ;30        ;5         ;218       ;0,9948    ;0,9923    ;15:47:38  ;
74        ;5,075     ;54        ;54        ;9         ;54        ;7         ;219       ;0,9948    ;0,9923    ;15:47:50  ;
75        ;5,1       ;48        ;49        ;8         ;48        ;7         ;222       ;0,995384  ;0,98802   ;15:48:03  ;
76        ;5,1       ;78        ;79        ;13        ;78        ;9         ;216       ;0,995384  ;0,98802   ;15:48:15  ;
77        ;5,1       ;96        ;97        ;16        ;96        ;10        ;217       ;0,995384  ;0,98802   ;15:48:27  ;
78        ;5,125     ;115       ;116       ;19        ;114       ;11        ;216       ;0,9914    ;0,97926   ;15:48:40  ;
79        ;5,125     ;73        ;74        ;12        ;72        ;8         ;216       ;0,9914    ;0,97926   ;15:48:52  ;
80        ;5,125     ;48        ;49        ;8         ;48        ;7         ;216       ;0,9914    ;0,97926   ;15:49:04  ;
81        ;5,15      ;91        ;93        ;15        ;90        ;9         ;216       ;0,987366  ;0,97055   ;15:49:17  ;
82        ;5,15      ;134       ;136       ;22        ;132       ;11        ;216       ;0,987366  ;0,97055   ;15:49:29  ;
83        ;5,15      ;97        ;99        ;16        ;96        ;10        ;215       ;0,987366  ;0,97055   ;15:49:41  ;
84        ;5,175     ;129       ;132       ;21        ;126       ;11        ;216       ;0,9784    ;0,95709   ;15:49:54  ;
85        ;5,175     ;123       ;125       ;20        ;120       ;11        ;216       ;0,9784    ;0,95709   ;15:50:06  ;
86        ;5,175     ;117       ;119       ;19        ;114       ;11        ;216       ;0,9784    ;0,95709   ;15:50:18  ;
87        ;5,2       ;235       ;242       ;38        ;228       ;15        ;217       ;0,969452  ;0,94377   ;15:50:32  ;
88        ;5,2       ;149       ;153       ;24        ;144       ;12        ;217       ;0,969452  ;0,94377   ;15:50:44  ;
89        ;5,2       ;99        ;102       ;16        ;96        ;10        ;217       ;0,969452  ;0,94377   ;15:50:55  ;
90        ;5,225     ;258       ;266       ;41        ;246       ;16        ;217       ;0,9548    ;0,92506   ;15:51:09  ;
91        ;5,225     ;176       ;182       ;28        ;168       ;13        ;218       ;0,9548    ;0,92506   ;15:51:21  ;
92        ;5,225     ;201       ;208       ;32        ;192       ;14        ;218       ;0,9548    ;0,92506   ;15:51:33  ;
93        ;5,25      ;300       ;311       ;47        ;282       ;17        ;219       ;0,940206  ;0,90659   ;15:51:46  ;
94        ;5,25      ;325       ;338       ;51        ;306       ;17        ;220       ;0,940206  ;0,90659   ;15:51:58  ;
95        ;5,25      ;306       ;318       ;48        ;288       ;17        ;228       ;0,940206  ;0,90659   ;15:52:10  ;
96        ;5,275     ;444       ;463       ;68        ;408       ;20        ;222       ;0,9183    ;0,88127   ;15:52:23  ;
97        ;5,275     ;490       ;511       ;75        ;450       ;21        ;219       ;0,9183    ;0,88127   ;15:52:35  ;
98        ;5,275     ;412       ;429       ;63        ;378       ;19        ;220       ;0,9183    ;0,88127   ;15:52:47  ;
99        ;5,3       ;629       ;659       ;94        ;564       ;24        ;221       ;0,896422  ;0,85621   ;15:53:00  ;
100       ;5,3       ;636       ;666       ;95        ;570       ;24        ;219       ;0,896422  ;0,85621   ;15:53:12  ;
101       ;5,3       ;669       ;701       ;100       ;600       ;24        ;219       ;0,896422  ;0,85621   ;15:53:24  ;
102       ;5,325     ;752       ;791       ;109       ;654       ;26        ;219       ;0,8697    ;0,82679   ;15:53:37  ;
103       ;5,325     ;807       ;849       ;117       ;702       ;26        ;217       ;0,8697    ;0,82679   ;15:53:49  ;
104       ;5,325     ;752       ;791       ;109       ;654       ;26        ;217       ;0,8697    ;0,82679   ;15:54:01  ;
105       ;5,35      ;904       ;955       ;127       ;762       ;28        ;218       ;0,842982  ;0,79764   ;15:54:14  ;
106       ;5,35      ;1075      ;1136      ;151       ;906       ;30        ;219       ;0,842982  ;0,79764   ;15:54:26  ;
107       ;5,35      ;925       ;978       ;130       ;780       ;28        ;218       ;0,842982  ;0,79764   ;15:54:38  ;
108       ;5,375     ;1204      ;1278      ;163       ;978       ;31        ;219       ;0,8126    ;0,76532   ;15:54:51  ;
109       ;5,375     ;1300      ;1380      ;176       ;1056      ;32        ;219       ;0,8126    ;0,76532   ;15:55:03  ;
110       ;5,375     ;1196      ;1270      ;162       ;972       ;31        ;220       ;0,8126    ;0,76532   ;15:55:16  ;
111       ;5,4       ;1572      ;1677      ;205       ;1230      ;35        ;219       ;0,782288  ;0,73336   ;15:55:28  ;
112       ;5,4       ;1427      ;1522      ;186       ;1116      ;33        ;220       ;0,782288  ;0,73336   ;15:55:40  ;
113       ;5,4       ;1381      ;1473      ;180       ;1080      ;33        ;220       ;0,782288  ;0,73336   ;15:55:53  ;
114       ;5,425     ;1859      ;1992      ;233       ;1398      ;37        ;219       ;0,752     ;0,70172   ;15:56:06  ;
115       ;5,425     ;1747      ;1873      ;219       ;1314      ;36        ;221       ;0,752     ;0,70172   ;15:56:18  ;
116       ;5,425     ;1652      ;1770      ;207       ;1242      ;35        ;218       ;0,752     ;0,70172   ;15:56:30  ;
117       ;5,45      ;2062      ;2220      ;248       ;1488      ;39        ;218       ;0,72168   ;0,67034   ;15:56:43  ;
118       ;5,45      ;2029      ;2184      ;244       ;1464      ;38        ;218       ;0,72168   ;0,67034   ;15:56:55  ;
119       ;5,45      ;2004      ;2157      ;241       ;1446      ;38        ;218       ;0,72168   ;0,67034   ;15:57:07  ;
120       ;5,475     ;2400      ;2596      ;277       ;1662      ;41        ;218       ;0,6925    ;0,6403    ;15:57:20  ;
121       ;5,475     ;2755      ;2980      ;318       ;1908      ;44        ;218       ;0,6925    ;0,6403    ;15:57:32  ;
122       ;5,475     ;2712      ;2933      ;313       ;1878      ;43        ;218       ;0,6925    ;0,6403    ;15:57:44  ;
123       ;5,5       ;2949      ;3204      ;326       ;1956      ;44        ;218       ;0,663229  ;0,61044   ;15:57:57  ;
124       ;5,5       ;3230      ;3509      ;357       ;2142      ;46        ;218       ;0,663229  ;0,61044   ;15:58:09  ;
125       ;5,5       ;3013      ;3273      ;333       ;1998      ;45        ;218       ;0,663229  ;0,61044   ;15:58:21  ;
126       ;5,525     ;4085      ;4458      ;434       ;2604      ;51        ;218       ;0,6375    ;0,58411   ;15:58:34  ;
127       ;5,525     ;3642      ;3975      ;387       ;2322      ;48        ;218       ;0,6375    ;0,58411   ;15:58:46  ;
128       ;5,525     ;3887      ;4242      ;413       ;2478      ;50        ;219       ;0,6375    ;0,58411   ;15:58:58  ;
129       ;5,55      ;4658      ;5107      ;475       ;2850      ;53        ;218       ;0,611805  ;0,55804   ;15:59:11  ;
130       ;5,55      ;4384      ;4806      ;447       ;2682      ;52        ;218       ;0,611805  ;0,55804   ;15:59:23  ;
131       ;5,55      ;3893      ;4269      ;397       ;2382      ;49        ;218       ;0,611805  ;0,55804   ;15:59:35  ;
132       ;5,575     ;4891      ;5387      ;480       ;2880      ;54        ;219       ;0,5888    ;0,53465   ;15:59:48  ;
133       ;5,575     ;4830      ;5319      ;474       ;2844      ;53        ;218       ;0,5888    ;0,53465   ;16:00:00  ;
134       ;5,575     ;4800      ;5286      ;471       ;2826      ;53        ;218       ;0,5888    ;0,53465   ;16:00:12  ;
135       ;5,6       ;5769      ;6382      ;544       ;3264      ;57        ;219       ;0,565795  ;0,51146   ;16:00:25  ;
136       ;5,6       ;6045      ;6687      ;570       ;3420      ;58        ;220       ;0,565795  ;0,51146   ;16:00:37  ;
137       ;5,6       ;5833      ;6452      ;550       ;3300      ;57        ;221       ;0,565795  ;0,51146   ;16:00:50  ;
138       ;5,625     ;6450      ;7167      ;586       ;3516      ;59        ;220       ;0,5451    ;0,49057   ;16:01:03  ;
139       ;5,625     ;6032      ;6702      ;548       ;3288      ;57        ;220       ;0,5451    ;0,49057   ;16:01:15  ;
140       ;5,625     ;6098      ;6776      ;554       ;3324      ;58        ;220       ;0,5451    ;0,49057   ;16:01:27  ;
141       ;5,65      ;7346      ;8199      ;642       ;3852      ;62        ;221       ;0,524362  ;0,46982   ;16:01:40  ;
142       ;5,65      ;7129      ;7956      ;623       ;3738      ;61        ;222       ;0,524362  ;0,46982   ;16:01:52  ;
143       ;5,65      ;7369      ;8224      ;644       ;3864      ;62        ;228       ;0,524362  ;0,46982   ;16:02:04  ;
144       ;5,675     ;7777      ;8718      ;657       ;3942      ;63        ;221       ;0,5069    ;0,45217   ;16:02:17  ;
145       ;5,675     ;7635      ;8559      ;645       ;3870      ;62        ;222       ;0,5069    ;0,45217   ;16:02:29  ;
146       ;5,675     ;7611      ;8532      ;643       ;3858      ;62        ;221       ;0,5069    ;0,45217   ;16:02:41  ;
147       ;5,7       ;8497      ;9567      ;693       ;4158      ;64        ;217       ;0,489361  ;0,43461   ;16:02:54  ;
148       ;5,7       ;8619      ;9705      ;703       ;4218      ;65        ;217       ;0,489361  ;0,43461   ;16:03:06  ;
149       ;5,7       ;8288      ;9333      ;676       ;4056      ;64        ;218       ;0,489361  ;0,43461   ;16:03:18  ;
150       ;5,725     ;8839      ;9996      ;694       ;4164      ;65        ;219       ;0,4711    ;0,41656   ;16:03:31  ;
151       ;5,725     ;9603      ;10860     ;754       ;4524      ;67        ;216       ;0,4711    ;0,41656   ;16:03:43  ;
152       ;5,725     ;9437      ;10673     ;741       ;4446      ;67        ;215       ;0,4711    ;0,41656   ;16:03:55  ;
153       ;5,75      ;10310     ;11711     ;778       ;4668      ;68        ;215       ;0,452752  ;0,3986    ;16:04:08  ;
154       ;5,75      ;10655     ;12102     ;804       ;4824      ;69        ;216       ;0,452752  ;0,3986    ;16:04:20  ;
155       ;5,75      ;10999     ;12494     ;830       ;4980      ;71        ;218       ;0,452752  ;0,3986    ;16:04:32  ;
156       ;5,775     ;11793     ;13453     ;854       ;5124      ;72        ;217       ;0,4345    ;0,38088   ;16:04:45  ;
157       ;5,775     ;11241     ;12823     ;814       ;4884      ;70        ;217       ;0,4345    ;0,38088   ;16:04:57  ;
158       ;5,775     ;10633     ;12130     ;770       ;4620      ;68        ;218       ;0,4345    ;0,38088   ;16:05:09  ;
159       ;5,8       ;11520     ;13199     ;799       ;4794      ;69        ;222       ;0,416151  ;0,36322   ;16:05:22  ;
160       ;5,8       ;12169     ;13942     ;844       ;5064      ;71        ;223       ;0,416151  ;0,36322   ;16:05:34  ;
161       ;5,8       ;11621     ;13314     ;806       ;4836      ;70        ;215       ;0,416151  ;0,36322   ;16:05:46  ;
162       ;5,825     ;12647     ;14553     ;840       ;5040      ;71        ;215       ;0,3985    ;0,34632   ;16:06:00  ;
163       ;5,825     ;12060     ;13877     ;801       ;4806      ;69        ;215       ;0,3985    ;0,34632   ;16:06:12  ;
164       ;5,825     ;12888     ;14830     ;856       ;5136      ;72        ;215       ;0,3985    ;0,34632   ;16:06:24  ;
165       ;5,85      ;13928     ;16095     ;884       ;5304      ;73        ;215       ;0,380825  ;0,32955   ;16:06:37  ;
166       ;5,85      ;12967     ;14984     ;823       ;4938      ;70        ;215       ;0,380825  ;0,32955   ;16:06:49  ;
167       ;5,85      ;13345     ;15421     ;847       ;5082      ;71        ;215       ;0,380825  ;0,32955   ;16:07:01  ;
168       ;5,875     ;14705     ;17066     ;896       ;5376      ;73        ;216       ;0,3656    ;0,31502   ;16:07:14  ;
169       ;5,875     ;14376     ;16685     ;876       ;5256      ;72        ;215       ;0,3656    ;0,31502   ;16:07:26  ;
170       ;5,875     ;15788     ;18323     ;962       ;5772      ;76        ;215       ;0,3656    ;0,31502   ;16:07:38  ;
171       ;5,9       ;17382     ;20259     ;1015      ;6090      ;78        ;215       ;0,350353  ;0,30061   ;16:07:51  ;
172       ;5,9       ;16852     ;19640     ;984       ;5904      ;77        ;215       ;0,350353  ;0,30061   ;16:08:03  ;
173       ;5,9       ;16098     ;18762     ;940       ;5640      ;75        ;216       ;0,350353  ;0,30061   ;16:08:15  ;
174       ;5,925     ;16466     ;19272     ;921       ;5526      ;74        ;216       ;0,3356    ;0,28673   ;16:08:28  ;
175       ;5,925     ;15644     ;18310     ;875       ;5250      ;72        ;215       ;0,3356    ;0,28673   ;16:08:40  ;
176       ;5,925     ;16824     ;19691     ;941       ;5646      ;75        ;215       ;0,3356    ;0,28673   ;16:08:52  ;
177       ;5,95      ;19051     ;22392     ;1019      ;6114      ;78        ;215       ;0,320936  ;0,27305   ;16:09:05  ;
178       ;5,95      ;17031     ;20018     ;911       ;5466      ;74        ;215       ;0,320936  ;0,27305   ;16:09:17  ;
179       ;5,95      ;17424     ;20480     ;932       ;5592      ;75        ;215       ;0,320936  ;0,27305   ;16:09:29  ;
180       ;5,975     ;18517     ;21855     ;957       ;5742      ;76        ;215       ;0,3101    ;0,26273   ;16:09:42  ;
181       ;5,975     ;19349     ;22837     ;1000      ;6000      ;77        ;215       ;0,3101    ;0,26273   ;16:09:54  ;
182       ;5,975     ;19078     ;22517     ;986       ;5916      ;77        ;215       ;0,3101    ;0,26273   ;16:10:06  ;
183       ;6         ;19270     ;22839     ;961       ;5766      ;76        ;216       ;0,299228  ;0,25246   ;16:10:20  ;
184       ;6         ;20092     ;23814     ;1002      ;6012      ;78        ;216       ;0,299228  ;0,25246   ;16:10:32  ;
185       ;6         ;19310     ;22887     ;963       ;5778      ;76        ;217       ;0,299228  ;0,25246   ;16:10:44  ;
186       ;6,025     ;21349     ;25410     ;1039      ;6234      ;79        ;224       ;0,292     ;0,24534   ;16:10:57  ;
187       ;6,025     ;22932     ;27293     ;1116      ;6696      ;82        ;215       ;0,292     ;0,24534   ;16:11:09  ;
188       ;6,025     ;22192     ;26412     ;1080      ;6480      ;80        ;213       ;0,292     ;0,24534   ;16:11:21  ;
189       ;6,05      ;25361     ;30310     ;1204      ;7224      ;85        ;216       ;0,284845  ;0,23834   ;16:11:34  ;
190       ;6,05      ;25087     ;29982     ;1191      ;7146      ;85        ;216       ;0,284845  ;0,23834   ;16:11:46  ;
191       ;6,05      ;25129     ;30033     ;1193      ;7158      ;85        ;217       ;0,284845  ;0,23834   ;16:11:58  ;
192       ;6,075     ;25766     ;30921     ;1202      ;7212      ;85        ;215       ;0,2799    ;0,23324   ;16:12:11  ;
193       ;6,075     ;28274     ;33931     ;1319      ;7914      ;89        ;216       ;0,2799    ;0,23324   ;16:12:23  ;
194       ;6,075     ;25723     ;30869     ;1200      ;7200      ;85        ;216       ;0,2799    ;0,23324   ;16:12:35  ;
195       ;6,1       ;25662     ;30923     ;1176      ;7056      ;84        ;216       ;0,274961  ;0,22818   ;16:12:48  ;
196       ;6,1       ;25378     ;30581     ;1163      ;6978      ;84        ;216       ;0,274961  ;0,22818   ;16:13:00  ;
197       ;6,1       ;26164     ;31528     ;1199      ;7194      ;85        ;216       ;0,274961  ;0,22818   ;16:13:12  ;
198       ;6,125     ;31827     ;38508     ;1437      ;8622      ;93        ;215       ;0,2709    ;0,2239    ;16:13:25  ;
199       ;6,125     ;29790     ;36043     ;1345      ;8070      ;90        ;216       ;0,2709    ;0,2239    ;16:13:37  ;
200       ;6,125     ;29635     ;35855     ;1338      ;8028      ;90        ;216       ;0,2709    ;0,2239    ;16:13:49  ;
201       ;6,15      ;32504     ;39488     ;1446      ;8676      ;93        ;216       ;0,266922  ;0,21971   ;16:14:02  ;
202       ;6,15      ;31155     ;37850     ;1386      ;8316      ;91        ;216       ;0,266922  ;0,21971   ;16:14:14  ;
203       ;6,15      ;29649     ;36020     ;1319      ;7914      ;89        ;216       ;0,266922  ;0,21971   ;16:14:26  ;
204       ;6,175     ;29705     ;36233     ;1307      ;7842      ;89        ;217       ;0,264     ;0,21643   ;16:14:39  ;
205       ;6,175     ;30750     ;37509     ;1353      ;8118      ;90        ;215       ;0,264     ;0,21643   ;16:14:51  ;
206       ;6,175     ;30136     ;36760     ;1326      ;7956      ;89        ;215       ;0,264     ;0,21643   ;16:15:03  ;
207       ;6,2       ;32948     ;40353     ;1434      ;8604      ;93        ;214       ;0,26114   ;0,21322   ;16:15:17  ;
208       ;6,2       ;34740     ;42548     ;1512      ;9072      ;95        ;214       ;0,26114   ;0,21322   ;16:15:29  ;
209       ;6,2       ;34717     ;42519     ;1511      ;9066      ;95        ;213       ;0,26114   ;0,21322   ;16:15:41  ;
210       ;6,225     ;36112     ;44407     ;1545      ;9270      ;96        ;212       ;0,2567    ;0,20875   ;16:15:54  ;
211       ;6,225     ;36510     ;44896     ;1562      ;9372      ;97        ;213       ;0,2567    ;0,20875   ;16:16:06  ;
212       ;6,225     ;35411     ;43545     ;1515      ;9090      ;95        ;214       ;0,2567    ;0,20875   ;16:16:18  ;
213       ;Tamsa     ;78        ;78        ;13        ;78        ;9         ;214       ;-1        ;-1        ;16:16:30  ;
214       ;Tamsa     ;96        ;96        ;16        ;96        ;10        ;214       ;-1        ;-1        ;16:16:42  ;
215       ;Tamsa     ;102       ;102       ;17        ;102       ;10        ;214       ;-1        ;-1        ;16:16:54  ;

? Ts :  10   Tz :  0   Tq :   0    Vq :  0   Cth :  2   Įtampa, [kV] :   2,420  2021-04-09 16:20:00  ;

DHT:20.70|H18.00|23.90|999.72:DHT:!
