Eil.Nr.   ;hv, [eV]  ;Cor(N/Le) [min-1];Cor(N/Lq) [min-1];Ni vertė  ;Ni/min.   ;Sqrt(Ni)  ;Dujos   ;E.light     ;Q.Light     ;Laikas    ;

0         ;Tamsa     ;72        ;72        ;6         ;72        ;8         ;214       ;-1        ;-1        ;15:01:34  ;
1         ;Tamsa     ;36        ;36        ;3         ;36        ;6         ;214       ;-1        ;-1        ;15:01:41  ;
2         ;Tamsa     ;12        ;12        ;1         ;12        ;3         ;214       ;-1        ;-1        ;15:01:47  ;
3         ;4,5       ;65        ;58        ;4         ;48        ;7         ;213       ;0,740906  ;0,83348   ;15:01:55  ;
4         ;4,5       ;227       ;202       ;14        ;168       ;13        ;213       ;0,740906  ;0,83348   ;15:02:01  ;
5         ;4,5       ;16        ;14        ;1         ;12        ;3         ;213       ;0,740906  ;0,83348   ;15:02:08  ;
6         ;4,525     ;63        ;57        ;4         ;48        ;7         ;213       ;0,7593    ;0,84945   ;15:02:15  ;
7         ;4,525     ;79        ;71        ;5         ;60        ;8         ;213       ;0,7593    ;0,84945   ;15:02:22  ;
8         ;4,525     ;47        ;42        ;3         ;36        ;6         ;213       ;0,7593    ;0,84945   ;15:02:28  ;
9         ;4,55      ;93        ;83        ;6         ;72        ;8         ;213       ;0,777667  ;0,86522   ;15:02:36  ;
10        ;4,55      ;62        ;55        ;4         ;48        ;7         ;213       ;0,777667  ;0,86522   ;15:02:42  ;
11        ;4,55      ;154       ;139       ;10        ;120       ;11        ;214       ;0,777667  ;0,86522   ;15:02:49  ;
12        ;4,575     ;60        ;55        ;4         ;48        ;7         ;214       ;0,7957    ;0,88045   ;15:02:57  ;
13        ;4,575     ;45        ;41        ;3         ;36        ;6         ;214       ;0,7957    ;0,88045   ;15:03:03  ;
14        ;4,575     ;106       ;95        ;7         ;84        ;9         ;214       ;0,7957    ;0,88045   ;15:03:10  ;
15        ;4,6       ;44        ;40        ;3         ;36        ;6         ;215       ;0,813734  ;0,89551   ;15:03:17  ;
16        ;4,6       ;74        ;67        ;5         ;60        ;8         ;215       ;0,813734  ;0,89551   ;15:03:24  ;
17        ;4,6       ;44        ;40        ;3         ;36        ;6         ;215       ;0,813734  ;0,89551   ;15:03:30  ;
18        ;4,625     ;87        ;79        ;6         ;72        ;8         ;215       ;0,829     ;0,90738   ;15:03:38  ;
19        ;4,625     ;43        ;40        ;3         ;36        ;6         ;215       ;0,829     ;0,90738   ;15:03:44  ;
20        ;4,625     ;29        ;26        ;2         ;24        ;5         ;214       ;0,829     ;0,90738   ;15:03:51  ;
21        ;4,65      ;71        ;65        ;5         ;60        ;8         ;215       ;0,844312  ;0,91917   ;15:03:58  ;
22        ;4,65      ;43        ;39        ;3         ;36        ;6         ;215       ;0,844312  ;0,91917   ;15:04:05  ;
23        ;4,65      ;57        ;52        ;4         ;48        ;7         ;214       ;0,844312  ;0,91917   ;15:04:11  ;
24        ;4,675     ;42        ;39        ;3         ;36        ;6         ;214       ;0,8596    ;0,93081   ;15:04:19  ;
25        ;4,675     ;56        ;52        ;4         ;48        ;7         ;215       ;0,8596    ;0,93081   ;15:04:26  ;
26        ;4,675     ;56        ;52        ;4         ;48        ;7         ;215       ;0,8596    ;0,93081   ;15:04:32  ;
27        ;4,7       ;27        ;25        ;2         ;24        ;5         ;214       ;0,874955  ;0,9424    ;15:04:40  ;
28        ;4,7       ;55        ;51        ;4         ;48        ;7         ;215       ;0,874955  ;0,9424    ;15:04:46  ;
29        ;4,7       ;41        ;38        ;3         ;36        ;6         ;215       ;0,874955  ;0,9424    ;15:04:53  ;
30        ;4,725     ;27        ;25        ;2         ;24        ;5         ;215       ;0,8874    ;0,95074   ;15:05:00  ;
31        ;4,725     ;27        ;25        ;2         ;24        ;5         ;215       ;0,8874    ;0,95074   ;15:05:07  ;
32        ;4,725     ;54        ;50        ;4         ;48        ;7         ;215       ;0,8874    ;0,95074   ;15:05:13  ;
33        ;4,75      ;40        ;38        ;3         ;36        ;6         ;216       ;0,899801  ;0,95895   ;15:05:21  ;
34        ;4,75      ;53        ;50        ;4         ;48        ;7         ;215       ;0,899801  ;0,95895   ;15:05:27  ;
35        ;4,75      ;27        ;25        ;2         ;24        ;5         ;216       ;0,899801  ;0,95895   ;15:05:34  ;
36        ;4,775     ;40        ;37        ;3         ;36        ;6         ;216       ;0,9102    ;0,96496   ;15:05:42  ;
37        ;4,775     ;79        ;75        ;6         ;72        ;8         ;215       ;0,9102    ;0,96496   ;15:05:48  ;
38        ;4,775     ;26        ;25        ;2         ;24        ;5         ;215       ;0,9102    ;0,96496   ;15:05:55  ;
39        ;4,8       ;130       ;124       ;10        ;120       ;11        ;214       ;0,920673  ;0,97098   ;15:06:02  ;
40        ;4,8       ;65        ;62        ;5         ;60        ;8         ;215       ;0,920673  ;0,97098   ;15:06:09  ;
41        ;4,8       ;26        ;25        ;2         ;24        ;5         ;215       ;0,920673  ;0,97098   ;15:06:15  ;
42        ;4,825     ;39        ;37        ;3         ;36        ;6         ;215       ;0,9309    ;0,97668   ;15:06:23  ;
43        ;4,825     ;39        ;37        ;3         ;36        ;6         ;215       ;0,9309    ;0,97668   ;15:06:29  ;
44        ;4,825     ;26        ;25        ;2         ;24        ;5         ;216       ;0,9309    ;0,97668   ;15:06:36  ;
45        ;4,85      ;38        ;37        ;3         ;36        ;6         ;216       ;0,941189  ;0,98238   ;15:06:43  ;
46        ;4,85      ;13        ;12        ;1         ;12        ;3         ;216       ;0,941189  ;0,98238   ;15:06:50  ;
47        ;4,85      ;25        ;24        ;2         ;24        ;5         ;217       ;0,941189  ;0,98238   ;15:06:56  ;
48        ;4,875     ;50        ;49        ;4         ;48        ;7         ;216       ;0,9512    ;0,98774   ;15:07:04  ;
49        ;4,875     ;25        ;24        ;2         ;24        ;5         ;217       ;0,9512    ;0,98774   ;15:07:11  ;
50        ;4,875     ;38        ;36        ;3         ;36        ;6         ;217       ;0,9512    ;0,98774   ;15:07:17  ;
51        ;4,9       ;12        ;12        ;1         ;12        ;3         ;217       ;0,961218  ;0,99305   ;15:07:25  ;
52        ;4,9       ;50        ;48        ;4         ;48        ;7         ;217       ;0,961218  ;0,99305   ;15:07:31  ;
53        ;4,9       ;12        ;12        ;1         ;12        ;3         ;218       ;0,961218  ;0,99305   ;15:07:38  ;
54        ;4,925     ;50        ;48        ;4         ;48        ;7         ;217       ;0,9681    ;0,99508   ;15:07:45  ;
55        ;4,925     ;25        ;24        ;2         ;24        ;5         ;218       ;0,9681    ;0,99508   ;15:07:52  ;
56        ;4,925     ;37        ;36        ;3         ;36        ;6         ;218       ;0,9681    ;0,99508   ;15:07:58  ;
57        ;4,95      ;25        ;24        ;2         ;24        ;5         ;218       ;0,974934  ;0,99705   ;15:08:06  ;
58        ;4,95      ;37        ;36        ;3         ;36        ;6         ;219       ;0,974934  ;0,99705   ;15:08:12  ;
59        ;4,95      ;12        ;12        ;1         ;12        ;3         ;225       ;0,974934  ;0,99705   ;15:08:19  ;
60        ;4,975     ;24        ;24        ;2         ;24        ;5         ;216       ;0,9813    ;0,99851   ;15:08:27  ;
61        ;4,975     ;49        ;48        ;4         ;48        ;7         ;215       ;0,9813    ;0,99851   ;15:08:33  ;
62        ;4,975     ;73        ;72        ;6         ;72        ;8         ;215       ;0,9813    ;0,99851   ;15:08:40  ;
63        ;5         ;24        ;24        ;2         ;24        ;5         ;215       ;0,98768   ;0,99998   ;15:08:47  ;
64        ;5         ;36        ;36        ;3         ;36        ;6         ;215       ;0,98768   ;0,99998   ;15:08:54  ;
65        ;5         ;49        ;48        ;4         ;48        ;7         ;214       ;0,98768   ;0,99998   ;15:09:00  ;
66        ;5,025     ;48        ;48        ;4         ;48        ;7         ;215       ;0,9909    ;0,99825   ;15:09:08  ;
67        ;5,025     ;48        ;48        ;4         ;48        ;7         ;215       ;0,9909    ;0,99825   ;15:09:14  ;
68        ;5,025     ;36        ;36        ;3         ;36        ;6         ;215       ;0,9909    ;0,99825   ;15:09:21  ;
69        ;5,05      ;12        ;12        ;1         ;12        ;3         ;216       ;0,994183  ;0,9966    ;15:09:28  ;
70        ;5,05      ;36        ;36        ;3         ;36        ;6         ;215       ;0,994183  ;0,9966    ;15:09:35  ;
71        ;5,05      ;48        ;48        ;4         ;48        ;7         ;215       ;0,994183  ;0,9966    ;15:09:41  ;
72        ;5,075     ;60        ;60        ;5         ;60        ;8         ;215       ;0,9948    ;0,9923    ;15:09:49  ;
73        ;5,075     ;36        ;36        ;3         ;36        ;6         ;215       ;0,9948    ;0,9923    ;15:09:56  ;
74        ;5,075     ;133       ;133       ;11        ;132       ;11        ;215       ;0,9948    ;0,9923    ;15:10:02  ;
75        ;5,1       ;72        ;73        ;6         ;72        ;8         ;216       ;0,995384  ;0,98802   ;15:10:10  ;
76        ;5,1       ;36        ;36        ;3         ;36        ;6         ;215       ;0,995384  ;0,98802   ;15:10:16  ;
77        ;5,1       ;48        ;49        ;4         ;48        ;7         ;216       ;0,995384  ;0,98802   ;15:10:23  ;
78        ;5,125     ;48        ;49        ;4         ;48        ;7         ;214       ;0,9914    ;0,97926   ;15:10:30  ;
79        ;5,125     ;145       ;147       ;12        ;144       ;12        ;215       ;0,9914    ;0,97926   ;15:10:37  ;
80        ;5,125     ;109       ;110       ;9         ;108       ;10        ;215       ;0,9914    ;0,97926   ;15:10:43  ;
81        ;5,15      ;49        ;49        ;4         ;48        ;7         ;215       ;0,987366  ;0,97055   ;15:10:51  ;
82        ;5,15      ;146       ;148       ;12        ;144       ;12        ;220       ;0,987366  ;0,97055   ;15:10:57  ;
83        ;5,15      ;134       ;136       ;11        ;132       ;11        ;215       ;0,987366  ;0,97055   ;15:11:04  ;
84        ;5,175     ;123       ;125       ;10        ;120       ;11        ;216       ;0,9784    ;0,95709   ;15:11:12  ;
85        ;5,175     ;159       ;163       ;13        ;156       ;12        ;214       ;0,9784    ;0,95709   ;15:11:18  ;
86        ;5,175     ;61        ;63        ;5         ;60        ;8         ;214       ;0,9784    ;0,95709   ;15:11:25  ;
87        ;5,2       ;248       ;254       ;20        ;240       ;15        ;214       ;0,969452  ;0,94377   ;15:11:32  ;
88        ;5,2       ;223       ;229       ;18        ;216       ;15        ;214       ;0,969452  ;0,94377   ;15:11:39  ;
89        ;5,2       ;161       ;165       ;13        ;156       ;12        ;214       ;0,969452  ;0,94377   ;15:11:45  ;
90        ;5,225     ;239       ;246       ;19        ;228       ;15        ;213       ;0,9548    ;0,92506   ;15:11:53  ;
91        ;5,225     ;327       ;337       ;26        ;312       ;18        ;214       ;0,9548    ;0,92506   ;15:11:59  ;
92        ;5,225     ;327       ;337       ;26        ;312       ;18        ;214       ;0,9548    ;0,92506   ;15:12:06  ;
93        ;5,25      ;357       ;371       ;28        ;336       ;18        ;214       ;0,940206  ;0,90659   ;15:12:13  ;
94        ;5,25      ;332       ;344       ;26        ;312       ;18        ;215       ;0,940206  ;0,90659   ;15:12:20  ;
95        ;5,25      ;408       ;424       ;32        ;384       ;20        ;214       ;0,940206  ;0,90659   ;15:12:26  ;
96        ;5,275     ;484       ;504       ;37        ;444       ;21        ;214       ;0,9183    ;0,88127   ;15:12:34  ;
97        ;5,275     ;327       ;340       ;25        ;300       ;17        ;215       ;0,9183    ;0,88127   ;15:12:41  ;
98        ;5,275     ;523       ;545       ;40        ;480       ;22        ;215       ;0,9183    ;0,88127   ;15:12:47  ;
99        ;5,3       ;950       ;995       ;71        ;852       ;29        ;215       ;0,896422  ;0,85621   ;15:12:55  ;
100       ;5,3       ;616       ;645       ;46        ;552       ;23        ;214       ;0,896422  ;0,85621   ;15:13:01  ;
101       ;5,3       ;589       ;617       ;44        ;528       ;23        ;214       ;0,896422  ;0,85621   ;15:13:08  ;
102       ;5,325     ;993       ;1045      ;72        ;864       ;29        ;214       ;0,8697    ;0,82679   ;15:13:15  ;
103       ;5,325     ;1007      ;1060      ;73        ;876       ;30        ;214       ;0,8697    ;0,82679   ;15:13:22  ;
104       ;5,325     ;773       ;813       ;56        ;672       ;26        ;214       ;0,8697    ;0,82679   ;15:13:28  ;
105       ;5,35      ;1182      ;1249      ;83        ;996       ;32        ;214       ;0,842982  ;0,79764   ;15:13:36  ;
106       ;5,35      ;1053      ;1113      ;74        ;888       ;30        ;214       ;0,842982  ;0,79764   ;15:13:42  ;
107       ;5,35      ;1011      ;1068      ;71        ;852       ;29        ;214       ;0,842982  ;0,79764   ;15:13:49  ;
108       ;5,375     ;1536      ;1631      ;104       ;1248      ;35        ;215       ;0,8126    ;0,76532   ;15:13:57  ;
109       ;5,375     ;1506      ;1599      ;102       ;1224      ;35        ;215       ;0,8126    ;0,76532   ;15:14:03  ;
110       ;5,375     ;1270      ;1348      ;86        ;1032      ;32        ;214       ;0,8126    ;0,76532   ;15:14:10  ;
111       ;5,4       ;1411      ;1505      ;92        ;1104      ;33        ;215       ;0,782288  ;0,73336   ;15:14:17  ;
112       ;5,4       ;1580      ;1685      ;103       ;1236      ;35        ;215       ;0,782288  ;0,73336   ;15:14:24  ;
113       ;5,4       ;1442      ;1538      ;94        ;1128      ;34        ;216       ;0,782288  ;0,73336   ;15:14:30  ;
114       ;5,425     ;1979      ;2121      ;124       ;1488      ;39        ;217       ;0,752     ;0,70172   ;15:14:38  ;
115       ;5,425     ;1707      ;1830      ;107       ;1284      ;36        ;216       ;0,752     ;0,70172   ;15:14:44  ;
116       ;5,425     ;1691      ;1813      ;106       ;1272      ;36        ;214       ;0,752     ;0,70172   ;15:14:51  ;
117       ;5,45      ;2195      ;2363      ;132       ;1584      ;40        ;214       ;0,72168   ;0,67034   ;15:14:58  ;
118       ;5,45      ;2328      ;2506      ;140       ;1680      ;41        ;214       ;0,72168   ;0,67034   ;15:15:05  ;
119       ;5,45      ;1829      ;1969      ;110       ;1320      ;36        ;214       ;0,72168   ;0,67034   ;15:15:11  ;
120       ;5,475     ;2253      ;2436      ;130       ;1560      ;39        ;213       ;0,6925    ;0,6403    ;15:15:19  ;
121       ;5,475     ;2582      ;2792      ;149       ;1788      ;42        ;214       ;0,6925    ;0,6403    ;15:15:26  ;
122       ;5,475     ;3206      ;3467      ;185       ;2220      ;47        ;213       ;0,6925    ;0,6403    ;15:15:32  ;
123       ;5,5       ;3546      ;3853      ;196       ;2352      ;48        ;213       ;0,663229  ;0,61044   ;15:15:40  ;
124       ;5,5       ;3510      ;3814      ;194       ;2328      ;48        ;214       ;0,663229  ;0,61044   ;15:15:46  ;
125       ;5,5       ;3058      ;3322      ;169       ;2028      ;45        ;214       ;0,663229  ;0,61044   ;15:15:53  ;
126       ;5,525     ;4216      ;4602      ;224       ;2688      ;52        ;214       ;0,6375    ;0,58411   ;15:16:00  ;
127       ;5,525     ;3576      ;3903      ;190       ;2280      ;48        ;214       ;0,6375    ;0,58411   ;15:16:07  ;
128       ;5,525     ;3633      ;3965      ;193       ;2316      ;48        ;214       ;0,6375    ;0,58411   ;15:16:13  ;
129       ;5,55      ;3707      ;4064      ;189       ;2268      ;48        ;214       ;0,611805  ;0,55804   ;15:16:21  ;
130       ;5,55      ;4354      ;4774      ;222       ;2664      ;52        ;215       ;0,611805  ;0,55804   ;15:16:27  ;
131       ;5,55      ;3982      ;4365      ;203       ;2436      ;49        ;214       ;0,611805  ;0,55804   ;15:16:34  ;
132       ;5,575     ;4524      ;4983      ;222       ;2664      ;52        ;215       ;0,5888    ;0,53465   ;15:16:42  ;
133       ;5,575     ;3954      ;4354      ;194       ;2328      ;48        ;214       ;0,5888    ;0,53465   ;15:16:48  ;
134       ;5,575     ;4219      ;4646      ;207       ;2484      ;50        ;214       ;0,5888    ;0,53465   ;15:16:55  ;
135       ;5,6       ;4645      ;5138      ;219       ;2628      ;51        ;214       ;0,565795  ;0,51146   ;15:17:02  ;
136       ;5,6       ;5154      ;5701      ;243       ;2916      ;54        ;214       ;0,565795  ;0,51146   ;15:17:09  ;
137       ;5,6       ;4708      ;5209      ;222       ;2664      ;52        ;214       ;0,565795  ;0,51146   ;15:17:15  ;
138       ;5,625     ;5526      ;6140      ;251       ;3012      ;55        ;214       ;0,5451    ;0,49057   ;15:17:23  ;
139       ;5,625     ;5724      ;6360      ;260       ;3120      ;56        ;214       ;0,5451    ;0,49057   ;15:17:29  ;
140       ;5,625     ;5658      ;6287      ;257       ;3084      ;56        ;213       ;0,5451    ;0,49057   ;15:17:36  ;
141       ;5,65      ;5630      ;6283      ;246       ;2952      ;54        ;215       ;0,524362  ;0,46982   ;15:17:43  ;
142       ;5,65      ;6156      ;6871      ;269       ;3228      ;57        ;215       ;0,524362  ;0,46982   ;15:17:50  ;
143       ;5,65      ;6545      ;7305      ;286       ;3432      ;59        ;214       ;0,524362  ;0,46982   ;15:17:56  ;
144       ;5,675     ;6700      ;7510      ;283       ;3396      ;58        ;214       ;0,5069    ;0,45217   ;15:18:04  ;
145       ;5,675     ;6321      ;7086      ;267       ;3204      ;57        ;215       ;0,5069    ;0,45217   ;15:18:11  ;
146       ;5,675     ;5895      ;6608      ;249       ;2988      ;55        ;215       ;0,5069    ;0,45217   ;15:18:17  ;
147       ;5,7       ;6351      ;7151      ;259       ;3108      ;56        ;215       ;0,489361  ;0,43461   ;15:18:25  ;
148       ;5,7       ;6008      ;6765      ;245       ;2940      ;54        ;215       ;0,489361  ;0,43461   ;15:18:31  ;
149       ;5,7       ;6449      ;7262      ;263       ;3156      ;56        ;215       ;0,489361  ;0,43461   ;15:18:38  ;
150       ;5,725     ;7871      ;8901      ;309       ;3708      ;61        ;214       ;0,4711    ;0,41656   ;15:18:45  ;
151       ;5,725     ;7387      ;8354      ;290       ;3480      ;59        ;214       ;0,4711    ;0,41656   ;15:18:52  ;
152       ;5,725     ;7998      ;9046      ;314       ;3768      ;61        ;215       ;0,4711    ;0,41656   ;15:18:58  ;
153       ;5,75      ;7872      ;8941      ;297       ;3564      ;60        ;214       ;0,452752  ;0,3986    ;15:19:06  ;
154       ;5,75      ;8190      ;9303      ;309       ;3708      ;61        ;215       ;0,452752  ;0,3986    ;15:19:12  ;
155       ;5,75      ;8826      ;10025     ;333       ;3996      ;63        ;215       ;0,452752  ;0,3986    ;15:19:19  ;
156       ;5,775     ;8534      ;9735      ;309       ;3708      ;61        ;214       ;0,4345    ;0,38088   ;15:19:27  ;
157       ;5,775     ;8534      ;9735      ;309       ;3708      ;61        ;215       ;0,4345    ;0,38088   ;15:19:33  ;
158       ;5,775     ;8341      ;9515      ;302       ;3624      ;60        ;215       ;0,4345    ;0,38088   ;15:19:40  ;
159       ;5,8       ;9314      ;10671     ;323       ;3876      ;62        ;215       ;0,416151  ;0,36322   ;15:19:47  ;
160       ;5,8       ;9948      ;11398     ;345       ;4140      ;64        ;215       ;0,416151  ;0,36322   ;15:19:54  ;
161       ;5,8       ;10612     ;12158     ;368       ;4416      ;66        ;215       ;0,416151  ;0,36322   ;15:20:00  ;
162       ;5,825     ;9666      ;11123     ;321       ;3852      ;62        ;216       ;0,3985    ;0,34632   ;15:20:08  ;
163       ;5,825     ;8522      ;9806      ;283       ;3396      ;58        ;216       ;0,3985    ;0,34632   ;15:20:14  ;
164       ;5,825     ;10058     ;11573     ;334       ;4008      ;63        ;216       ;0,3985    ;0,34632   ;15:20:21  ;
165       ;5,85      ;9359      ;10815     ;297       ;3564      ;60        ;216       ;0,380825  ;0,32955   ;15:20:28  ;
166       ;5,85      ;10525     ;12162     ;334       ;4008      ;63        ;215       ;0,380825  ;0,32955   ;15:20:35  ;
167       ;5,85      ;10241     ;11834     ;325       ;3900      ;62        ;215       ;0,380825  ;0,32955   ;15:20:41  ;
168       ;5,875     ;11422     ;13256     ;348       ;4176      ;65        ;216       ;0,3656    ;0,31502   ;15:20:49  ;
169       ;5,875     ;11389     ;13218     ;347       ;4164      ;65        ;215       ;0,3656    ;0,31502   ;15:20:56  ;
170       ;5,875     ;11947     ;13866     ;364       ;4368      ;66        ;215       ;0,3656    ;0,31502   ;15:21:02  ;
171       ;5,9       ;12673     ;14770     ;370       ;4440      ;67        ;215       ;0,350353  ;0,30061   ;15:21:10  ;
172       ;5,9       ;12878     ;15009     ;376       ;4512      ;67        ;215       ;0,350353  ;0,30061   ;15:21:16  ;
173       ;5,9       ;12399     ;14451     ;362       ;4344      ;66        ;215       ;0,350353  ;0,30061   ;15:21:23  ;
174       ;5,925     ;13516     ;15820     ;378       ;4536      ;67        ;215       ;0,3356    ;0,28673   ;15:21:30  ;
175       ;5,925     ;12765     ;14941     ;357       ;4284      ;65        ;215       ;0,3356    ;0,28673   ;15:21:37  ;
176       ;5,925     ;13337     ;15611     ;373       ;4476      ;67        ;215       ;0,3356    ;0,28673   ;15:21:43  ;
177       ;5,95      ;17013     ;19996     ;455       ;5460      ;74        ;215       ;0,320936  ;0,27305   ;15:21:51  ;
178       ;5,95      ;14620     ;17184     ;391       ;4692      ;68        ;215       ;0,320936  ;0,27305   ;15:21:57  ;
179       ;5,95      ;15405     ;18107     ;412       ;4944      ;70        ;215       ;0,320936  ;0,27305   ;15:22:04  ;
180       ;5,975     ;15169     ;17904     ;392       ;4704      ;69        ;216       ;0,3101    ;0,26273   ;15:22:12  ;
181       ;5,975     ;16330     ;19275     ;422       ;5064      ;71        ;216       ;0,3101    ;0,26273   ;15:22:18  ;
182       ;5,975     ;16408     ;19366     ;424       ;5088      ;71        ;216       ;0,3101    ;0,26273   ;15:22:25  ;
183       ;6         ;16081     ;19060     ;401       ;4812      ;69        ;216       ;0,299228  ;0,25246   ;15:22:32  ;
184       ;6         ;15841     ;18775     ;395       ;4740      ;69        ;216       ;0,299228  ;0,25246   ;15:22:39  ;
185       ;6         ;14437     ;17112     ;360       ;4320      ;66        ;216       ;0,299228  ;0,25246   ;15:22:45  ;
186       ;6,025     ;15205     ;18097     ;370       ;4440      ;67        ;217       ;0,292     ;0,24534   ;15:22:53  ;
187       ;6,025     ;16356     ;19467     ;398       ;4776      ;69        ;217       ;0,292     ;0,24534   ;15:22:59  ;
188       ;6,025     ;17055     ;20298     ;415       ;4980      ;71        ;217       ;0,292     ;0,24534   ;15:23:06  ;
189       ;6,05      ;16051     ;19183     ;381       ;4572      ;68        ;217       ;0,284845  ;0,23834   ;15:23:13  ;
190       ;6,05      ;18241     ;21801     ;433       ;5196      ;72        ;215       ;0,284845  ;0,23834   ;15:23:20  ;
191       ;6,05      ;16556     ;19787     ;393       ;4716      ;69        ;216       ;0,284845  ;0,23834   ;15:23:26  ;
192       ;6,075     ;20536     ;24644     ;479       ;5748      ;76        ;216       ;0,2799    ;0,23324   ;15:23:34  ;
193       ;6,075     ;20536     ;24644     ;479       ;5748      ;76        ;216       ;0,2799    ;0,23324   ;15:23:41  ;
194       ;6,075     ;18307     ;21969     ;427       ;5124      ;72        ;217       ;0,2799    ;0,23324   ;15:23:47  ;
195       ;6,1       ;20512     ;24717     ;470       ;5640      ;75        ;216       ;0,274961  ;0,22818   ;15:23:55  ;
196       ;6,1       ;21821     ;26295     ;500       ;6000      ;77        ;217       ;0,274961  ;0,22818   ;15:24:01  ;
197       ;6,1       ;30026     ;36182     ;688       ;8256      ;91        ;216       ;0,274961  ;0,22818   ;15:24:08  ;
198       ;6,125     ;46600     ;56382     ;1052      ;12624     ;112       ;216       ;0,2709    ;0,2239    ;15:24:15  ;
199       ;6,125     ;43810     ;53006     ;989       ;11868     ;109       ;217       ;0,2709    ;0,2239    ;15:24:22  ;
200       ;6,125     ;41550     ;50272     ;938       ;11256     ;106       ;217       ;0,2709    ;0,2239    ;15:24:28  ;
201       ;6,15      ;40461     ;49156     ;900       ;10800     ;104       ;217       ;0,266922  ;0,21971   ;15:24:36  ;
202       ;6,15      ;40776     ;49538     ;907       ;10884     ;104       ;217       ;0,266922  ;0,21971   ;15:24:42  ;
203       ;6,15      ;41900     ;50903     ;932       ;11184     ;106       ;217       ;0,266922  ;0,21971   ;15:24:49  ;
204       ;6,175     ;44773     ;54614     ;985       ;11820     ;109       ;217       ;0,264     ;0,21643   ;15:24:57  ;
205       ;6,175     ;41955     ;51176     ;923       ;11076     ;105       ;217       ;0,264     ;0,21643   ;15:25:03  ;
206       ;6,175     ;41955     ;51176     ;923       ;11076     ;105       ;217       ;0,264     ;0,21643   ;15:25:10  ;
207       ;6,2       ;45815     ;56111     ;997       ;11964     ;109       ;217       ;0,26114   ;0,21322   ;15:25:17  ;
208       ;6,2       ;41909     ;51327     ;912       ;10944     ;105       ;217       ;0,26114   ;0,21322   ;15:25:24  ;
209       ;6,2       ;43517     ;53297     ;947       ;11364     ;107       ;217       ;0,26114   ;0,21322   ;15:25:30  ;
210       ;6,225     ;47308     ;58175     ;1012      ;12144     ;110       ;217       ;0,2567    ;0,20875   ;15:25:38  ;
211       ;6,225     ;48009     ;59037     ;1027      ;12324     ;111       ;217       ;0,2567    ;0,20875   ;15:25:44  ;
212       ;6,225     ;50019     ;61509     ;1070      ;12840     ;113       ;217       ;0,2567    ;0,20875   ;15:25:51  ;
213       ;Tamsa     ;96        ;96        ;8         ;96        ;10        ;217       ;-1        ;-1        ;15:25:57  ;
214       ;Tamsa     ;108       ;108       ;9         ;108       ;10        ;217       ;-1        ;-1        ;15:26:04  ;
215       ;Tamsa     ;72        ;72        ;6         ;72        ;8         ;217       ;-1        ;-1        ;15:26:10  ;

? Ts :  5   Tz :  0   Tq :   0    Vq :  0   Cth :  2   Įtampa, [kV] :   2,420  2021-04-09 15:31:34  ;

DHT:20.70|H18.00|23.90|999.72:DHT:!
