  E[eV]   Ni[c/min]   EQQ/s     EEQ/s     O2[%]     t[now]  
============================================================
  Tamsa       0        0.00      0.00      3.93    17:08:51 
  4.500       48       0.96      1.08      4.00    17:08:58 
  4.500       48       0.96      1.08      4.00    17:09:03 
  4.500       48       0.96      1.08      4.00    17:09:09 
  4.525       12       0.24      0.26      4.07    17:09:15 
  4.525       60       1.18      1.32      4.07    17:09:20 
  4.525       12       0.24      0.26      3.93    17:09:26 
  4.550      132       2.54      2.83      3.93    17:09:31 
  4.550       84       1.62      1.80      4.00    17:09:37 
  4.550       24       0.46      0.51      4.00    17:09:42 
  4.575       60       1.14      1.26      4.00    17:09:48 
  4.575       36       0.68      0.75      4.07    17:09:53 
  4.575       36       0.68      0.75      4.07    17:09:59 
  4.600       60       1.12      1.23      4.07    17:10:04 
  4.600       36       0.67      0.74      3.93    17:10:10 
  4.600       0        0.00      0.00      4.00    17:10:15 
  4.625       48       0.88      0.97      4.00    17:10:21 
  4.625       48       0.88      0.97      4.00    17:10:26 
  4.625       84       1.54      1.69      4.07    17:10:32 
  4.650       24       0.44      0.47      4.07    17:10:37 
  4.650       72       1.31      1.42      4.07    17:10:43 
  4.650       36       0.65      0.71      3.93    17:10:48 
  4.675       36       0.64      0.70      3.93    17:10:54 
  4.675       48       0.86      0.93      3.93    17:10:59 
  4.675       36       0.64      0.70      4.00    17:11:05 
  4.700       36       0.64      0.69      4.00    17:11:10 
  4.700       24       0.42      0.46      4.00    17:11:16 
  4.700       24       0.42      0.46      4.07    17:11:22 
  4.725       36       0.63      0.68      4.07    17:11:27 
  4.725       36       0.63      0.68      4.07    17:11:33 
  4.725       96       1.68      1.80      3.93    17:11:38 
  4.750       48       0.83      0.89      4.00    17:11:44 
  4.750       48       0.83      0.89      4.00    17:11:49 
  4.750       36       0.63      0.67      4.00    17:11:55 
  4.775       60       1.04      1.10      4.00    17:12:00 
  4.775       48       0.83      0.88      4.07    17:12:06 
  4.775      144       2.49      2.64      4.07    17:12:11 
  4.800       60       1.03      1.09      3.93    17:12:17 
  4.800       36       0.62      0.65      3.93    17:12:22 
  4.800      132       2.27      2.39      4.00    17:12:28 
  4.825       72       1.23      1.29      4.00    17:12:33 
  4.825       72       1.23      1.29      4.00    17:12:39 
  4.825       36       0.61      0.64      4.00    17:12:44 
  4.850       60       1.02      1.06      4.07    17:12:50 
  4.850       72       1.22      1.27      4.07    17:12:55 
  4.850       60       1.02      1.06      3.93    17:13:01 
  4.875       48       0.81      0.84      3.93    17:13:06 
  4.875       48       0.81      0.84      4.00    17:13:12 
  4.875       36       0.61      0.63      4.00    17:13:17 
  4.900       12       0.20      0.21      4.00    17:13:23 
  4.900       72       1.21      1.25      4.00    17:13:29 
  4.900      168       2.82      2.91      4.07    17:13:34 
  4.925      108       1.81      1.86      4.07    17:13:40 
  4.925       96       1.61      1.65      3.93    17:13:45 
  4.925       60       1.00      1.03      3.93    17:13:51 
  4.950       24       0.40      0.41      4.00    17:13:56 
  4.950       60       1.00      1.03      4.00    17:14:02 
  4.950      192       3.21      3.28      4.00    17:14:07 
  4.975       72       1.20      1.22      4.00    17:14:13 
  4.975      120       2.00      2.04      4.07    17:14:18 
  4.975       24       0.40      0.41      4.07    17:14:24 
  5.000       60       1.00      1.01      4.00    17:14:29 
  5.000       84       1.40      1.42      3.93    17:14:35 
  5.000      108       1.80      1.82      4.00    17:14:40 
  5.025       72       1.20      1.21      4.00    17:14:46 
  5.025      120       2.00      2.02      4.00    17:14:51 
  5.025       84       1.40      1.41      4.00    17:14:57 
  5.050      120       2.01      2.01      4.07    17:15:02 
  5.050       60       1.00      1.01      4.07    17:15:08 
  5.050       96       1.61      1.61      4.07    17:15:13 
  5.075       72       1.21      1.21      3.93    17:15:19 
  5.075      144       2.42      2.41      4.00    17:15:24 
  5.075       84       1.41      1.41      4.00    17:15:30 
  5.100      120       2.02      2.01      4.00    17:15:35 
  5.100      108       1.82      1.81      4.00    17:15:41 
  5.100      144       2.43      2.41      4.07    17:15:47 
  5.125      132       2.25      2.22      4.07    17:15:52 
  5.125      120       2.04      2.02      3.93    17:15:58 
  5.125      120       2.04      2.02      3.93    17:16:03 
  5.150       96       1.65      1.62      4.00    17:16:09 
  5.150      288       4.95      4.86      4.00    17:16:14 
  5.150      168       2.88      2.84      4.00    17:16:20 
  5.175      144       2.51      2.45      4.00    17:16:25 
  5.175      240       4.18      4.09      4.07    17:16:31 
  5.175      276       4.81      4.70      4.07    17:16:36 
  5.200      252       4.45      4.33      4.00    17:16:42 
  5.200      252       4.45      4.33      3.93    17:16:47 
  5.200      204       3.60      3.51      4.00    17:16:53 
  5.225      156       2.81      2.72      4.00    17:16:58 
  5.225      264       4.76      4.61      4.00    17:17:04 
  5.225      288       5.19      5.03      4.07    17:17:09 
  5.250      264       4.85      4.68      4.07    17:17:15 
  5.250      312       5.74      5.53      4.07    17:17:20 
  5.250      312       5.74      5.53      3.93    17:17:26 
  5.275      216       4.09      3.92      3.93    17:17:31 
  5.275      360       6.81      6.53      4.00    17:17:37 
  5.275      324       6.13      5.88      4.00    17:17:42 
  5.300      420       8.18      7.81      4.00    17:17:48 
  5.300      432       8.41      8.03      4.00    17:17:54 
  5.300      552      10.75     10.26      4.07    17:17:59 
  5.325      552      11.13     10.58      4.07    17:18:05 
  5.325      588      11.85     11.27      4.07    17:18:10 
  5.325      588      11.85     11.27      4.00    17:18:16 
  5.350      684      14.29     13.52      4.00    17:18:21 
  5.350      528      11.03     10.44      4.00    17:18:27 
  5.350      696      14.54     13.76      4.00    17:18:32 
  5.375      780      16.99     16.00      4.07    17:18:38 
  5.375      960      20.91     19.69      4.07    17:18:43 
  5.375      864      18.82     17.72      4.07    17:18:49 
  5.400      1296     29.45     27.61      3.93    17:18:54 
  5.400      1236     28.09     26.33      3.93    17:19:00 
  5.400      1152     26.18     24.54      3.93    17:19:05 
  5.425      1368     32.49     30.32      4.00    17:19:11 
  5.425      1284     30.50     28.46      4.00    17:19:16 
  5.425      1308     31.07     28.99      4.00    17:19:22 
  5.450      1812     45.05     41.85      4.07    17:19:27 
  5.450      2160     53.70     49.88      4.07    17:19:33 
  5.450      2628     65.34     60.69      4.00    17:19:38 
  5.475      2628     68.41     63.25      3.93    17:19:44 
  5.475      2712     70.59     65.27      4.00    17:19:50 
  5.475      2100     54.66     50.54      4.00    17:19:55 
  5.500      2772     75.68     69.66      4.00    17:20:01 
  5.500      2940     80.27     73.88      4.00    17:20:06 
  5.500      3036     82.89     76.29      4.07    17:20:12 
  5.525      4404     125.66    115.14     4.07    17:20:17 
  5.525      4332     123.61    113.25     3.93    17:20:23 
  5.525      4092     116.76    106.98     3.93    17:20:28 
  5.550      5616     167.73    152.99     4.00    17:20:34 
  5.550      5508     164.50    150.05     4.00    17:20:39 
  5.550      5100     152.32    138.93     4.00    17:20:45 
  5.575      6180     192.65    174.93     4.07    17:20:50 
  5.575      6432     200.51    182.07     4.07    17:20:56 
  5.575      6756     210.61    191.24     4.07    17:21:01 
  5.600      8772     285.85    258.40     3.93    17:21:07 
  5.600      7428     242.05    218.81     3.93    17:21:12 
  5.600      7632     248.70    224.82     3.93    17:21:18 
  5.625      9672     328.60    295.73     4.00    17:21:23 
  5.625      8520     289.46    260.50     4.00    17:21:29 
  5.625      8268     280.90    252.80     4.00    17:21:34 
  5.650     10452     370.78    332.21     4.07    17:21:40 
  5.650     10332     366.52    328.40     4.07    17:21:45 
  5.650     11016     390.79    350.14     3.93    17:21:51 
  5.675     13320     490.97    437.96     3.93    17:21:57 
  5.675     12648     466.20    415.86     4.00    17:22:02 
  5.675     13464     496.27    442.69     4.00    17:22:08 
  5.700     15540     595.94    529.26     4.00    17:22:13 
  5.700     14928     572.47    508.42     4.00    17:22:19 
  5.700     14808     567.87    504.33     4.07    17:22:24 
  5.725     19392     775.88    686.05     4.07    17:22:30 
  5.725     19704     788.36    697.09     3.93    17:22:35 
  5.725     19404     776.36    686.48     4.00    17:22:41 
  5.750     21408     895.13    788.07     4.00    17:22:46 
  5.750     20472     856.00    753.61     4.00    17:22:52 
  5.750     20376     851.98    750.08     4.00    17:22:57 
  5.775     22200     971.43    851.55     4.07    17:23:03 
  5.775     22068     965.66    846.49     4.07    17:23:08 
  5.775     23964    1048.62    919.22     4.07    17:23:14 
  5.800     29136    1336.93   1166.88     3.93    17:23:19 
  5.800     28596    1312.15   1145.26     3.93    17:23:25 
  5.800     26184    1201.48   1048.66     3.93    17:23:30 
  5.825     30036    1445.48   1256.21     4.00    17:23:36 
  5.825     28608    1376.76   1196.49     4.00    17:23:41 
  5.825     29856    1436.82   1248.68     4.00    17:23:47 
  5.850     34788    1759.37   1522.48     4.07    17:23:53 
  5.850     38100    1926.87   1667.43     4.07    17:23:58 
  5.850     38928    1968.75   1703.67     3.93    17:24:04 
  5.875     42072    2225.89   1917.94     3.93    17:24:09 
  5.875     40716    2154.15   1856.13     4.00    17:24:15 
  5.875     39240    2076.06   1788.84     4.00    17:24:20 
  5.900     41544    2303.32   1976.29     4.00    17:24:26 
  5.900     39708    2201.52   1888.95     4.00    17:24:31 
  5.900     39768    2204.85   1891.81     4.07    17:24:37 
  5.925     49704    2889.13   2468.41     4.07    17:24:42 
  5.925     53364    3101.87   2650.18     3.93    17:24:48 
  5.925     50376    2928.19   2501.79     3.93    17:24:53 
  5.950     54648    3335.65   2837.95     4.00    17:24:59 
  5.950     52740    3219.19   2738.86     4.00    17:25:04 
  5.950     50208    3064.64   2607.37     4.00    17:25:10 
  5.975     58980    3741.48   3169.95     4.00    17:25:15 
  5.975     57948    3676.02   3114.48     4.07    17:25:21 
  5.975     63084    4001.83   3390.52     4.07    17:25:26 
  6.000     74244    4901.37   4135.31     3.93    17:25:32 
  6.000     70404    4647.87   3921.42     4.00    17:25:37 
  6.000     67656    4466.45   3768.36     4.00    17:25:43 
  6.025     73176    4971.06   4176.71     4.00    17:25:49 
  6.025     70548    4792.53   4026.71     4.00    17:25:54 
  6.025     69972    4753.40   3993.84     4.00    17:26:00 
  6.050     75240    5261.39   4402.39     4.07    17:26:05 
  6.050     82404    5762.36   4821.57     4.07    17:26:11 
  6.050     85200    5957.88   4985.17     3.93    17:26:16 
  6.075     99984    7144.57   5953.55     3.93    17:26:22 
  6.075     94800    6774.14   5644.87     4.00    17:26:27 
  6.075     92448    6606.07   5504.82     4.00    17:26:33 
  6.100     98544    7197.83   5973.21     4.00    17:26:38 
  6.100     93756    6848.10   5682.99     4.00    17:26:44 
  6.100     95808    6997.98   5807.37     4.07    17:26:49 
  6.125     114684   8536.85   7055.74     4.07    17:26:55 
  6.125     119136   8868.24   7329.64     3.93    17:27:00 
  6.125     117708   8761.95   7241.79     3.93    17:27:06 
  6.150     125268   9502.53   7821.76     4.00    17:27:11 
  6.150     120660   9152.97   7534.04     4.00    17:27:17 
  6.150     117552   8917.21   7339.97     4.00    17:27:22 
  6.175     124452   9583.70   7856.82     4.00    17:27:28 
  6.175     124080   9555.05   7833.33     4.07    17:27:33 
  6.175     137868   10616.83  8703.79     4.07    17:27:39 
  6.200     150744   11783.13  9620.89     3.93    17:27:45 
  6.200     148836   11633.99  9499.12     4.00    17:27:50 
  6.200     143868   11245.66  9182.05     4.00    17:27:56 
  6.225     151356   12084.31  9827.04     4.00    17:28:01 
  6.225     145944   11652.22  9475.65     4.00    17:28:07 
  6.225     143472   11454.85  9315.15     4.07    17:28:12 
  Tamsa       24       0.40      0.40      4.07    17:28:19 
===Matavimų parametrai===
===Ts[s]: 5.00; Cth[V]: 2.00;
===Įtampa U[V]: 2550;
=========================
