  E[eV]   Ni[c/min]   EQQ/s     EEQ/s     O2[%]     t[now]  
============================================================
  Tamsa       0        0.00      0.00      4.00    17:32:17 
  4.500       36       0.72      0.81      4.00    17:32:23 
  4.500       96       1.92      2.16      4.07    17:32:29 
  4.500       48       0.96      1.08      4.07    17:32:34 
  4.525       12       0.24      0.26      3.93    17:32:40 
  4.525       36       0.71      0.79      3.93    17:32:45 
  4.525      120       2.35      2.63      3.93    17:32:51 
  4.550       72       1.39      1.54      3.93    17:32:56 
  4.550       24       0.46      0.51      3.93    17:33:02 
  4.550       24       0.46      0.51      4.00    17:33:07 
  4.575       48       0.91      1.01      4.00    17:33:13 
  4.575       36       0.68      0.75      4.07    17:33:19 
  4.575       48       0.91      1.01      4.07    17:33:24 
  4.600       36       0.67      0.74      4.07    17:33:30 
  4.600       48       0.89      0.98      3.93    17:33:35 
  4.600       24       0.45      0.49      3.93    17:33:41 
  4.625       48       0.88      0.97      4.00    17:33:46 
  4.625       12       0.22      0.24      3.93    17:33:52 
  4.625       72       1.32      1.45      4.07    17:33:57 
  4.650       24       0.44      0.47      4.07    17:34:03 
  4.650       84       1.52      1.66      4.07    17:34:08 
  4.650       48       0.87      0.95      3.93    17:34:14 
  4.675       36       0.64      0.70      3.93    17:34:19 
  4.675       84       1.50      1.63      3.93    17:34:25 
  4.675       24       0.43      0.47      3.93    17:34:30 
  4.700       72       1.27      1.37      4.00    17:34:36 
  4.700       72       1.27      1.37      4.00    17:34:41 
  4.700       72       1.27      1.37      4.00    17:34:47 
  4.725       48       0.84      0.90      4.07    17:34:52 
  4.725       48       0.84      0.90      4.07    17:34:58 
  4.725       60       1.05      1.13      3.93    17:35:03 
  4.750       60       1.04      1.11      4.00    17:35:09 
  4.750       72       1.25      1.33      4.00    17:35:14 
  4.750       96       1.67      1.78      4.00    17:35:20 
  4.775       84       1.45      1.54      4.00    17:35:26 
  4.775       36       0.62      0.66      4.07    17:35:31 
  4.775       48       0.83      0.88      4.07    17:35:37 
  4.800       72       1.24      1.30      4.07    17:35:42 
  4.800       60       1.03      1.09      3.93    17:35:48 
  4.800       48       0.82      0.87      3.93    17:35:53 
  4.825      120       2.05      2.15      4.00    17:35:59 
  4.825      168       2.87      3.01      4.00    17:36:04 
  4.825       12       0.20      0.21      4.00    17:36:10 
  4.850       36       0.61      0.64      4.07    17:36:15 
  4.850       12       0.20      0.21      4.07    17:36:21 
  4.850       60       1.02      1.06      4.07    17:36:26 
  4.875       60       1.01      1.05      3.93    17:36:32 
  4.875       60       1.01      1.05      4.00    17:36:37 
  4.875       12       0.20      0.21      4.00    17:36:43 
  4.900       60       1.01      1.04      4.00    17:36:48 
  4.900       36       0.60      0.62      4.00    17:36:54 
  4.900       72       1.21      1.25      4.07    17:36:59 
  4.925       48       0.80      0.83      4.07    17:37:05 
  4.925      108       1.81      1.86      4.07    17:37:10 
  4.925      264       4.42      4.54      3.93    17:37:16 
  4.950       84       1.40      1.44      4.00    17:37:22 
  4.950      108       1.81      1.85      4.00    17:37:27 
  4.950       60       1.00      1.03      4.00    17:37:33 
  4.975       60       1.00      1.02      4.00    17:37:38 
  4.975      120       2.00      2.04      4.07    17:37:44 
  4.975       84       1.40      1.43      4.07    17:37:49 
  5.000       96       1.60      1.62      4.07    17:37:55 
  5.000       96       1.60      1.62      3.93    17:38:00 
  5.000      120       2.00      2.02      3.93    17:38:06 
  5.025       84       1.40      1.41      4.00    17:38:11 
  5.025      120       2.00      2.02      4.00    17:38:17 
  5.025       84       1.40      1.41      4.00    17:38:22 
  5.050       84       1.40      1.41      4.07    17:38:28 
  5.050       72       1.20      1.21      4.07    17:38:33 
  5.050       72       1.20      1.21      4.07    17:38:39 
  5.075      120       2.02      2.01      3.93    17:38:44 
  5.075       72       1.21      1.21      3.93    17:38:50 
  5.075       36       0.60      0.60      4.00    17:38:55 
  5.100       96       1.62      1.61      4.00    17:39:01 
  5.100      132       2.23      2.21      4.00    17:39:06 
  5.100      180       3.04      3.01      4.07    17:39:12 
  5.125      120       2.04      2.02      4.07    17:39:17 
  5.125      228       3.88      3.83      4.07    17:39:23 
  5.125       60       1.02      1.01      3.93    17:39:29 
  5.150      204       3.50      3.44      4.00    17:39:34 
  5.150      156       2.68      2.63      4.00    17:39:40 
  5.150      240       4.12      4.05      4.00    17:39:45 
  5.175      144       2.51      2.45      4.00    17:39:51 
  5.175      192       3.34      3.27      4.00    17:39:56 
  5.175      108       1.88      1.84      4.07    17:40:02 
  5.200      156       2.75      2.68      4.07    17:40:07 
  5.200      108       1.91      1.86      3.93    17:40:13 
  5.200      192       3.39      3.30      3.93    17:40:18 
  5.225      156       2.81      2.72      4.00    17:40:24 
  5.225      204       3.68      3.56      4.00    17:40:29 
  5.225      108       1.95      1.89      4.00    17:40:35 
  5.250      204       3.75      3.62      4.07    17:40:40 
  5.250      264       4.85      4.68      4.07    17:40:46 
  5.250      240       4.41      4.25      4.07    17:40:51 
  5.275      264       4.99      4.79      3.93    17:40:57 
  5.275      444       8.40      8.06      4.00    17:41:02 
  5.275      324       6.13      5.88      4.00    17:41:08 
  5.300      276       5.37      5.13      4.00    17:41:13 
  5.300      312       6.07      5.80      4.00    17:41:19 
  5.300      312       6.07      5.80      4.00    17:41:24 
  5.325      324       6.53      6.21      4.07    17:41:30 
  5.325      444       8.95      8.51      4.07    17:41:36 
  5.325      432       8.71      8.28      3.93    17:41:41 
  5.350      480      10.03      9.49      3.93    17:41:47 
  5.350      540      11.28     10.68      4.00    17:41:52 
  5.350      504      10.53      9.96      4.00    17:41:58 
  5.375      660      14.37     13.54      4.00    17:42:03 
  5.375      624      13.59     12.80      4.07    17:42:09 
  5.375      528      11.50     10.83      4.07    17:42:14 
  5.400      732      16.64     15.60      4.07    17:42:20 
  5.400      696      15.82     14.83      3.93    17:42:25 
  5.400      852      19.36     18.15      3.93    17:42:31 
  5.425      1008     23.94     22.34      4.00    17:42:36 
  5.425      996      23.66     22.07      4.00    17:42:42 
  5.425      984      23.37     21.81      4.00    17:42:47 
  5.450      1356     33.71     31.32      4.07    17:42:53 
  5.450      1452     36.10     33.53      4.07    17:42:58 
  5.450      1428     35.50     32.98      4.00    17:43:04 
  5.475      1680     43.73     40.43      3.93    17:43:09 
  5.475      1692     44.04     40.72      4.00    17:43:15 
  5.475      1608     41.86     38.70      4.00    17:43:20 
  5.500      2160     58.97     54.28      4.00    17:43:26 
  5.500      2196     59.96     55.18      4.00    17:43:31 
  5.500      2016     55.04     50.66      4.07    17:43:37 
  5.525      2664     76.01     69.65      4.07    17:43:43 
  5.525      2964     84.57     77.49      4.07    17:43:48 
  5.525      2844     81.15     74.35      3.93    17:43:54 
  5.550      3516     105.01    95.78      3.93    17:43:59 
  5.550      3204     95.69     87.28      4.00    17:44:05 
  5.550      3960     118.27    107.88     4.00    17:44:10 
  5.575      3924     122.32    111.07     4.00    17:44:16 
  5.575      4224     131.67    119.57     4.07    17:44:21 
  5.575      4176     130.18    118.21     4.07    17:44:27 
  5.600      5040     164.24    148.46     3.93    17:44:32 
  5.600      5016     163.45    147.76     3.93    17:44:38 
  5.600      5112     166.58    150.58     3.93    17:44:43 
  5.625      5616     190.80    171.71     3.93    17:44:49 
  5.625      6132     208.33    187.49     4.00    17:44:54 
  5.625      5604     190.39    171.34     4.00    17:45:00 
  5.650      7200     255.42    228.85     4.07    17:45:05 
  5.650      6924     245.63    220.08     4.07    17:45:11 
  5.650      7956     282.24    252.88     4.07    17:45:16 
  5.675      8928     329.08    293.55     3.93    17:45:22 
  5.675      8256     304.31    271.45     3.93    17:45:27 
  5.675      8976     330.85    295.13     4.00    17:45:33 
  5.700      9864     378.27    335.95     4.00    17:45:39 
  5.700     10476     401.74    356.79     4.00    17:45:44 
  5.700      9384     359.86    319.60     4.07    17:45:50 
  5.725     11832     473.40    418.59     4.07    17:45:55 
  5.725     13476     539.18    476.76     4.07    17:46:01 
  5.725     12456     498.37    440.67     3.93    17:46:06 
  5.750     14760     617.16    543.34     3.93    17:46:12 
  5.750     13776     576.02    507.12     4.00    17:46:17 
  5.750     12996     543.40    478.41     4.00    17:46:23 
  5.775     15336     671.08    588.26     4.00    17:46:28 
  5.775     14352     628.02    550.52     4.07    17:46:34 
  5.775     15216     665.83    583.66     4.07    17:46:39 
  5.800     17976     824.84    719.93     4.07    17:46:45 
  5.800     17460     801.17    699.27     3.93    17:46:50 
  5.800     17268     792.36    691.58     4.00    17:46:56 
  5.825     19656     945.95    822.08     4.00    17:47:01 
  5.825     18948     911.87    792.47     4.00    17:47:07 
  5.825     18576     893.97    776.91     4.00    17:47:12 
  5.850     20892    1056.59    914.33     4.07    17:47:18 
  5.850     21432    1083.90    937.96     4.07    17:47:23 
  5.850     23100    1168.26   1010.96     4.07    17:47:29 
  5.875     25476    1347.85   1161.38     3.93    17:47:34 
  5.875     24792    1311.66   1130.20     3.93    17:47:40 
  5.875     26004    1375.79   1185.45     4.00    17:47:46 
  5.900     26556    1472.34   1263.30     4.00    17:47:51 
  5.900     24276    1345.93   1154.84     4.00    17:47:57 
  5.900     25320    1403.81   1204.50     4.07    17:48:02 
  5.925     28932    1681.72   1436.83     4.07    17:48:08 
  5.925     30132    1751.47   1496.42     4.07    17:48:13 
  5.925     30912    1796.81   1535.16     3.93    17:48:19 
  5.950     34620    2113.17   1797.87     3.93    17:48:24 
  5.950     32160    1963.01   1670.11     3.93    17:48:30 
  5.950     31416    1917.60   1631.48     4.00    17:48:35 
  5.975     35868    2275.34   1927.77     4.00    17:48:41 
  5.975     33960    2154.30   1825.22     4.07    17:48:46 
  5.975     37020    2348.42   1989.68     4.07    17:48:52 
  6.000     42612    2813.12   2373.44     4.07    17:48:57 
  6.000     40656    2683.99   2264.49     3.93    17:49:03 
  6.000     39912    2634.87   2223.05     3.93    17:49:08 
  6.025     42432    2882.53   2421.92     4.00    17:49:14 
  6.025     41628    2827.91   2376.03     4.00    17:49:19 
  6.025     41292    2805.09   2356.85     4.00    17:49:25 
  6.050     43320    3029.29   2534.71     4.07    17:49:30 
  6.050     47328    3309.56   2769.23     4.07    17:49:36 
  6.050     48408    3385.08   2832.42     4.07    17:49:41 
  6.075     55872    3992.45   3326.90     3.93    17:49:47 
  6.075     53388    3814.95   3178.99     3.93    17:49:53 
  6.075     53352    3812.38   3176.85     4.00    17:49:58 
  6.100     54624    3989.83   3311.02     4.00    17:50:04 
  6.100     53856    3933.74   3264.46     4.00    17:50:09 
  6.100     52608    3842.58   3188.82     4.07    17:50:15 
  6.125     59112    4400.18   3636.77     4.07    17:50:20 
  6.125     62412    4645.82   3839.79     4.07    17:50:26 
  6.125     62532    4654.76   3847.18     3.93    17:50:31 
  6.150     67860    5147.69   4237.19     4.00    17:50:37 
  6.150     64008    4855.49   3996.67     4.00    17:50:42 
  6.150     64176    4868.24   4007.16     4.00    17:50:48 
  6.175     68148    5247.89   4302.27     4.00    17:50:53 
  6.175     70308    5414.22   4438.64     4.07    17:50:59 
  6.175     73584    5666.50   4645.45     4.07    17:51:04 
  6.200     78096    6104.49   4984.30     3.93    17:51:10 
  6.200     76392    5971.30   4875.55     3.93    17:51:15 
  6.200     74868    5852.17   4778.28     3.93    17:51:21 
  6.225     78564    6272.57   5100.90     4.00    17:51:26 
  6.225     77088    6154.73   5005.06     4.00    17:51:32 
  6.225     76068    6073.29   4938.84     4.00    17:51:37 
  Tamsa       12       0.20      0.20      4.07    17:51:44 
===Matavimų parametrai===
===Ts[s]: 5.00; Cth[V]: 2.00;
===Įtampa U[V]: 2550;
=========================
